Time	wtime	pss	rss	swap	vmem	rchar	read_bytes	wchar	write_bytes	rx_bytes	rx_packets	tx_bytes	tx_packets	stime	utime	nprocs	nthreads
1771836769	1	20968	28436	0	113584	33509	8216576	131	0	0	0	0	0	0	0	2	2
1771836771	3	20968	28436	0	113584	33509	8216576	131	0	0	0	0	0	0	2	2	2
1771836773	5	20968	28436	0	113584	33509	8216576	131	0	0	0	0	0	0	4	2	2
1771836775	7	20968	28436	0	113584	33509	8216576	131	0	0	0	0	0	0	6	2	2
1771836777	9	20968	28436	0	113584	33509	8216576	131	0	0	0	0	0	0	8	2	2
1771836779	11	20968	28436	0	113584	33509	8216576	131	0	0	0	0	0	0	10	2	2
1771836781	13	20968	28436	0	113584	33509	8216576	131	0	0	0	0	0	0	12	2	2
1771836783	15	20968	28436	0	113584	33509	8216576	131	0	0	0	0	0	0	14	2	2
1771836785	17	20968	28436	0	113584	33509	8216576	131	0	0	0	0	0	0	16	2	2
1771836787	18	20968	28436	0	113584	33509	8216576	131	0	0	0	0	0	0	18	2	2
1771836789	20	20968	28436	0	113584	33509	8216576	131	0	0	0	0	0	0	20	2	2
1771836791	23	20968	28436	0	113584	33509	8216576	131	0	0	0	0	0	0	22	2	2
1771836793	25	20968	28436	0	113584	33509	8216576	131	0	0	0	0	0	0	24	2	2
1771836795	27	20961	28436	0	113584	33509	8216576	131	0	90	1	90	1	0	26	2	2
1771836797	29	20968	28436	0	113584	33509	8216576	131	0	90	1	90	1	0	28	2	2
1771836799	31	20961	28436	0	113584	33509	8216576	131	0	132	2	132	2	0	30	2	2
1771836801	33	20968	28436	0	113584	33509	8216576	131	0	174	3	174	3	0	32	2	2
1771836803	35	20968	28436	0	113584	33509	8216576	131	0	174	3	174	3	0	34	2	2
1771836805	37	20968	28436	0	113584	33509	8216576	131	0	174	3	174	3	0	36	2	2
1771836807	39	20968	28436	0	113584	33509	8216576	131	0	174	3	174	3	0	38	2	2
1771836809	41	20968	28436	0	113584	33509	8216576	131	0	174	3	174	3	0	40	2	2
1771836811	43	20968	28436	0	113584	33509	8216576	131	0	174	3	174	3	0	42	2	2
1771836813	45	20968	28436	0	113584	33509	8216576	131	0	174	3	174	3	0	44	2	2
1771836815	47	20968	28436	0	113584	33509	8216576	131	0	174	3	174	3	0	46	2	2
1771836817	49	20968	28436	0	113584	33509	8216576	131	0	174	3	174	3	0	48	2	2
1771836819	51	20961	28436	0	113584	33509	8216576	131	0	174	3	174	3	0	50	2	2
1771836821	53	20961	28436	0	113584	33509	8216576	131	0	174	3	174	3	0	52	2	2
1771836823	55	20968	28436	0	113584	33509	8216576	131	0	174	3	174	3	0	54	2	2
1771836825	57	20968	28436	0	113584	33509	8216576	131	0	174	3	174	3	0	56	2	2
1771836827	59	20968	28436	0	113584	33509	8216576	131	0	174	3	174	3	0	58	2	2
1771836829	61	20968	28436	0	113584	33509	8216576	131	0	174	3	174	3	0	60	2	2
1771836831	63	20968	28436	0	113584	33509	8216576	131	0	174	3	174	3	0	62	2	2
1771836833	65	20968	28436	0	113584	33509	8216576	131	0	174	3	174	3	0	64	2	2
1771836835	66	20968	28436	0	113584	33509	8216576	131	0	174	3	174	3	0	66	2	2
1771836837	68	20968	28436	0	113584	33509	8216576	131	0	174	3	174	3	0	68	2	2
1771836839	70	20968	28436	0	113584	33509	8216576	131	0	174	3	174	3	0	70	2	2
1771836841	73	20968	28436	0	113584	33509	8216576	131	0	174	3	174	3	0	72	2	2
1771836843	75	20968	28436	0	113584	33509	8216576	131	0	174	3	174	3	0	74	2	2
1771836845	77	20968	28436	0	113584	33509	8216576	131	0	174	3	174	3	0	76	2	2
1771836847	79	20968	28436	0	113584	33509	8216576	131	0	174	3	174	3	0	78	2	2
1771836849	81	20961	28436	0	113584	33509	8216576	131	0	174	3	174	3	0	80	2	2
1771836851	83	20968	28436	0	113584	33509	8216576	131	0	174	3	174	3	0	82	2	2
1771836853	85	20973	28436	0	113584	33509	8216576	131	0	174	3	174	3	0	84	2	2
1771836855	87	20973	28436	0	113584	33509	8216576	131	0	174	3	174	3	0	86	2	2
1771836857	89	20973	28436	0	113584	33509	8216576	131	0	174	3	174	3	0	88	2	2
1771836859	91	20973	28436	0	113584	33509	8216576	131	0	174	3	174	3	0	90	2	2
1771836861	93	20973	28436	0	113584	33509	8216576	131	0	174	3	174	3	0	92	2	2
1771836863	95	20973	28436	0	113584	33509	8216576	131	0	174	3	174	3	0	94	2	2
1771836865	97	20973	28436	0	113584	33509	8216576	131	0	174	3	174	3	0	96	2	2
1771836867	99	20973	28436	0	113584	33509	8216576	131	0	174	3	174	3	0	98	2	2
1771836869	101	20973	28436	0	113584	33509	8216576	131	0	174	3	174	3	0	100	2	2
1771836871	103	20973	28436	0	113584	33509	8216576	131	0	174	3	174	3	0	102	2	2
1771836873	105	20973	28436	0	113584	33509	8216576	131	0	174	3	174	3	0	104	2	2
1771836875	107	20973	28436	0	113584	33509	8216576	131	0	174	3	174	3	0	106	2	2
1771836877	109	20973	28436	0	113584	33509	8216576	131	0	174	3	174	3	0	108	2	2
1771836879	111	20965	28436	0	113584	33509	8216576	131	0	174	3	174	3	0	110	2	2
1771836881	113	20965	28436	0	113584	33509	8216576	131	0	174	3	174	3	0	112	2	2
1771836883	115	20973	28436	0	113584	33509	8216576	131	0	174	3	174	3	0	114	2	2
1771836885	117	20973	28436	0	113584	33509	8216576	131	0	174	3	174	3	0	116	2	2
1771836887	118	20973	28436	0	113584	33509	8216576	131	0	174	3	174	3	0	118	2	2
1771836889	120	20973	28436	0	113584	33509	8216576	131	0	174	3	174	3	0	120	2	2
1771836891	123	20973	28436	0	113584	33509	8216576	131	0	174	3	174	3	0	122	2	2
1771836893	125	20973	28436	0	113584	33509	8216576	131	0	174	3	174	3	0	124	2	2
1771836895	127	20973	28436	0	113584	33509	8216576	131	0	174	3	174	3	0	126	2	2
1771836897	129	20965	28436	0	113584	33509	8216576	131	0	174	3	174	3	0	128	2	2
1771836899	131	20965	28436	0	113584	33509	8216576	131	0	174	3	174	3	0	130	2	2
1771836901	133	20973	28436	0	113584	33509	8216576	131	0	174	3	174	3	0	132	2	2
1771836903	135	20973	28436	0	113584	33509	8216576	131	0	174	3	174	3	0	134	2	2
1771836905	137	20973	28436	0	113584	33509	8216576	131	0	174	3	174	3	0	136	2	2
1771836907	139	20973	28436	0	113584	33509	8216576	131	0	174	3	174	3	0	138	2	2
1771836909	141	20973	28436	0	113584	33509	8216576	131	0	174	3	174	3	0	140	2	2
1771836911	143	20973	28436	0	113584	33509	8216576	131	0	174	3	174	3	0	142	2	2
1771836913	145	20973	28436	0	113584	33509	8216576	131	0	174	3	174	3	0	144	2	2
1771836915	147	20973	28436	0	113584	33509	8216576	131	0	174	3	174	3	0	146	2	2
1771836917	149	20973	28436	0	113584	33509	8216576	131	0	174	3	174	3	0	148	2	2
1771836919	151	20973	28436	0	113584	33509	8216576	131	0	174	3	174	3	0	150	2	2
1771836921	153	20973	28436	0	113584	33509	8216576	131	0	174	3	174	3	0	152	2	2
1771836923	155	20973	28436	0	113584	33509	8216576	131	0	264	4	264	4	0	154	2	2
1771836925	157	20965	28436	0	113584	33509	8216576	131	0	264	4	264	4	0	156	2	2
1771836927	159	20965	28436	0	113584	33509	8216576	131	0	264	4	264	4	0	158	2	2
1771836929	161	20973	28436	0	113584	33509	8216576	131	0	348	6	348	6	0	160	2	2
1771836931	163	20967	28436	0	113584	33509	8216576	131	0	348	6	348	6	0	162	2	2
1771836933	164	20973	28436	0	113584	33509	8216576	131	0	348	6	348	6	0	164	2	2
1771836935	166	20973	28436	0	113584	33509	8216576	131	0	348	6	348	6	0	166	2	2
1771836937	169	20973	28436	0	113584	33509	8216576	131	0	348	6	348	6	0	168	2	2
1771836939	171	20965	28436	0	113584	33509	8216576	131	0	348	6	348	6	0	170	2	2
1771836941	173	20965	28436	0	113584	33509	8216576	131	0	348	6	348	6	0	172	2	2
1771836943	175	20973	28436	0	113584	33509	8216576	131	0	348	6	348	6	0	174	2	2
1771836945	177	20973	28436	0	113584	33509	8216576	131	0	348	6	348	6	0	176	2	2
1771836947	179	20965	28436	0	113584	33509	8216576	131	0	348	6	348	6	0	178	2	2
1771836949	181	20965	28436	0	113584	33509	8216576	131	0	348	6	348	6	0	180	2	2
1771836951	183	20973	28436	0	113584	33509	8216576	131	0	348	6	348	6	0	182	2	2
1771836953	185	20973	28436	0	113584	33509	8216576	131	0	348	6	348	6	0	184	2	2
1771836955	187	20973	28436	0	113584	33509	8216576	131	0	348	6	348	6	0	186	2	2
1771836957	189	20973	28436	0	113584	33509	8216576	131	0	348	6	348	6	0	188	2	2
1771836959	191	20973	28436	0	113584	33509	8216576	131	0	348	6	348	6	0	190	2	2
1771836961	193	20973	28436	0	113584	33509	8216576	131	0	348	6	348	6	0	192	2	2
1771836963	195	20973	28436	0	113584	33509	8216576	131	0	348	6	348	6	0	194	2	2
1771836965	197	20973	28436	0	113584	33509	8216576	131	0	348	6	348	6	0	196	2	2
1771836967	199	20965	28436	0	113584	33509	8216576	131	0	348	6	348	6	0	198	2	2
1771836969	201	20965	28436	0	113584	33509	8216576	131	0	348	6	348	6	0	200	2	2
1771836971	203	20973	28436	0	113584	33509	8216576	131	0	348	6	348	6	0	202	2	2
1771836973	205	20973	28436	0	113584	33509	8216576	131	0	348	6	348	6	0	204	2	2
1771836975	207	20973	28436	0	113584	33509	8216576	131	0	348	6	348	6	0	206	2	2
1771836977	209	20973	28436	0	113584	33509	8216576	131	0	348	6	348	6	0	208	2	2
1771836979	211	20973	28436	0	113584	33509	8216576	131	0	348	6	348	6	0	210	2	2
1771836981	213	20973	28436	0	113584	33509	8216576	131	0	348	6	348	6	0	212	2	2
1771836983	215	20973	28436	0	113584	33509	8216576	131	0	348	6	348	6	0	214	2	2
1771836985	217	20973	28436	0	113584	33509	8216576	131	0	348	6	348	6	0	216	2	2
1771836987	219	20973	28436	0	113584	33509	8216576	131	0	348	6	348	6	0	218	2	2
1771836989	220	20973	28436	0	113584	33509	8216576	131	0	348	6	348	6	0	220	2	2
1771836991	222	20973	28436	0	113584	33509	8216576	131	0	348	6	348	6	0	222	2	2
1771836993	224	20973	28436	0	113584	33509	8216576	131	0	348	6	348	6	0	224	2	2
1771836995	227	20965	28436	0	113584	33509	8216576	131	0	348	6	348	6	0	226	2	2
1771836997	229	20965	28436	0	113584	33509	8216576	131	0	348	6	348	6	0	228	2	2
1771836999	231	20965	28436	0	113584	33509	8216576	131	0	348	6	348	6	0	230	2	2
1771837001	233	20965	28436	0	113584	33509	8216576	131	0	348	6	348	6	0	232	2	2
1771837003	235	20973	28436	0	113584	33509	8216576	131	0	348	6	348	6	0	234	2	2
1771837005	237	20973	28436	0	113584	33509	8216576	131	0	348	6	348	6	0	236	2	2
1771837007	239	20973	28436	0	113584	33509	8216576	131	0	348	6	348	6	0	238	2	2
1771837009	241	20973	28436	0	113584	33509	8216576	131	0	348	6	348	6	0	240	2	2
1771837011	243	20973	28436	0	113584	33509	8216576	131	0	348	6	348	6	0	242	2	2
1771837013	245	20973	28436	0	113584	33509	8216576	131	0	348	6	348	6	0	244	2	2
1771837015	247	20973	28436	0	113584	33509	8216576	131	0	348	6	348	6	0	246	2	2
1771837017	249	20973	28436	0	113584	33509	8216576	131	0	348	6	348	6	0	248	2	2
1771837019	251	20973	28436	0	113584	33509	8216576	131	0	348	6	348	6	0	250	2	2
1771837021	253	20973	28436	0	113584	33509	8216576	131	0	348	6	348	6	0	252	2	2
1771837023	255	20973	28436	0	113584	33509	8216576	131	0	348	6	348	6	0	254	2	2
1771837025	257	20973	28436	0	113584	33509	8216576	131	0	348	6	348	6	0	256	2	2
1771837027	259	20973	28436	0	113584	33509	8216576	131	0	348	6	348	6	0	258	2	2
1771837029	261	20973	28436	0	113584	33509	8216576	131	0	348	6	348	6	0	260	2	2
1771837031	263	20973	28436	0	113584	33509	8216576	131	0	348	6	348	6	0	262	2	2
1771837033	265	20973	28436	0	113584	33509	8216576	131	0	348	6	348	6	0	264	2	2
1771837035	267	20973	28436	0	113584	33509	8216576	131	0	348	6	348	6	0	266	2	2
1771837037	269	20973	28436	0	113584	33509	8216576	131	0	348	6	348	6	0	268	2	2
1771837039	271	20973	28436	0	113584	33509	8216576	131	0	348	6	348	6	0	270	2	2
1771837041	273	20973	28436	0	113584	33509	8216576	131	0	348	6	348	6	0	272	2	2
1771837043	275	20973	28436	0	113584	33509	8216576	131	0	348	6	348	6	0	274	2	2
1771837045	277	20973	28436	0	113584	33509	8216576	131	0	348	6	348	6	0	276	2	2
1771837047	279	20973	28436	0	113584	33509	8216576	131	0	348	6	348	6	0	278	2	2
1771837049	281	20965	28436	0	113584	33509	8216576	131	0	348	6	348	6	0	280	2	2
1771837051	283	20973	28436	0	113584	33509	8216576	131	0	438	7	438	7	0	282	2	2
1771837053	285	20973	28436	0	113584	33509	8216576	131	0	438	7	438	7	0	284	2	2
1771837055	286	20973	28436	0	113584	33509	8216576	131	0	438	7	438	7	0	286	2	2
1771837057	289	20973	28436	0	113584	33509	8216576	131	0	522	9	522	9	0	288	2	2
1771837059	291	20965	28436	0	113584	33509	8216576	131	0	522	9	522	9	0	290	2	2
1771837061	293	20965	28436	0	113584	33509	8216576	131	0	522	9	522	9	0	292	2	2
1771837063	295	20973	28436	0	113584	33509	8216576	131	0	522	9	522	9	0	294	2	2
1771837065	297	20973	28436	0	113584	33509	8216576	131	0	522	9	522	9	0	296	2	2
1771837067	299	20973	28436	0	113584	33509	8216576	131	0	522	9	522	9	0	298	2	2
1771837069	301	20973	28436	0	113584	33509	8216576	131	0	522	9	522	9	0	300	2	2
1771837071	303	20973	28436	0	113584	33509	8216576	131	0	522	9	522	9	0	302	2	2
1771837073	305	20973	28436	0	113584	33509	8216576	131	0	522	9	522	9	0	304	2	2
1771837075	307	20973	28436	0	113584	33509	8216576	131	0	522	9	522	9	0	306	2	2
1771837077	309	20973	28436	0	113584	33509	8216576	131	0	522	9	522	9	0	308	2	2
1771837079	311	20973	28436	0	113584	33509	8216576	131	0	522	9	522	9	0	310	2	2
1771837081	313	20973	28436	0	113584	33509	8216576	131	0	522	9	522	9	0	312	2	2
1771837083	315	20973	28436	0	113584	33509	8216576	131	0	522	9	522	9	0	314	2	2
1771837085	317	20973	28436	0	113584	33509	8216576	131	0	522	9	522	9	0	316	2	2
1771837087	319	20973	28436	0	113584	33509	8216576	131	0	522	9	522	9	0	318	2	2
1771837089	321	20973	28436	0	113584	33509	8216576	131	0	522	9	522	9	0	320	2	2
1771837091	323	20973	28436	0	113584	33509	8216576	131	0	522	9	522	9	0	322	2	2
1771837093	325	20973	28436	0	113584	33509	8216576	131	0	522	9	522	9	0	324	2	2
1771837095	327	20973	28436	0	113584	33509	8216576	131	0	522	9	522	9	0	326	2	2
1771837097	328	20965	28436	0	113584	33509	8216576	131	0	522	9	522	9	0	328	2	2
1771837099	330	20973	28436	0	113584	33509	8216576	131	0	522	9	522	9	0	330	2	2
1771837101	332	20973	28436	0	113584	33509	8216576	131	0	522	9	522	9	0	332	2	2
1771837103	335	20973	28436	0	113584	33509	8216576	131	0	522	9	522	9	0	334	2	2
1771837105	337	20973	28436	0	113584	33509	8216576	131	0	522	9	522	9	0	336	2	2
1771837107	339	20973	28436	0	113584	33509	8216576	131	0	522	9	522	9	0	338	2	2
1771837109	341	20973	28436	0	113584	33509	8216576	131	0	522	9	522	9	0	340	2	2
1771837111	343	20973	28436	0	113584	33509	8216576	131	0	522	9	522	9	0	342	2	2
1771837113	345	20973	28436	0	113584	33509	8216576	131	0	522	9	522	9	0	344	2	2
1771837115	347	20973	28436	0	113584	33509	8216576	131	0	522	9	522	9	0	346	2	2
1771837117	349	20973	28436	0	113584	33509	8216576	131	0	522	9	522	9	0	348	2	2
1771837119	351	20965	28436	0	113584	33509	8216576	131	0	522	9	522	9	0	350	2	2
1771837121	353	20965	28436	0	113584	33509	8216576	131	0	522	9	522	9	0	352	2	2
1771837123	355	20973	28436	0	113584	33509	8216576	131	0	522	9	522	9	0	354	2	2
1771837125	357	20973	28436	0	113584	33509	8216576	131	0	522	9	522	9	0	356	2	2
1771837127	359	20973	28436	0	113584	33509	8216576	131	0	522	9	522	9	0	358	2	2
1771837129	361	20973	28436	0	113584	33509	8216576	131	0	522	9	522	9	0	360	2	2
1771837131	363	20973	28436	0	113584	33509	8216576	131	0	522	9	522	9	0	362	2	2
1771837133	365	20973	28436	0	113584	33509	8216576	131	0	522	9	522	9	0	364	2	2
1771837135	367	20973	28436	0	113584	33509	8216576	131	0	522	9	522	9	0	366	2	2
1771837137	369	20973	28436	0	113584	33509	8216576	131	0	522	9	522	9	0	368	2	2
1771837139	371	20973	28436	0	113584	33509	8216576	131	0	522	9	522	9	0	370	2	2
1771837141	373	20973	28436	0	113584	33509	8216576	131	0	522	9	522	9	0	372	2	2
1771837143	375	20973	28436	0	113584	33509	8216576	131	0	522	9	522	9	0	374	2	2
1771837145	377	20973	28436	0	113584	33509	8216576	131	0	522	9	522	9	0	376	2	2
1771837147	379	20973	28436	0	113584	33509	8216576	131	0	522	9	522	9	0	378	2	2
1771837149	381	20965	28436	0	113584	33509	8216576	131	0	522	9	522	9	0	380	2	2
1771837151	383	20965	28436	0	113584	33509	8216576	131	0	522	9	522	9	0	382	2	2
1771837153	385	20973	28436	0	113584	33509	8216576	131	0	522	9	522	9	0	384	2	2
1771837155	387	20973	28436	0	113584	33509	8216576	131	0	522	9	522	9	0	386	2	2
1771837157	389	20973	28436	0	113584	33509	8216576	131	0	522	9	522	9	0	388	2	2
1771837159	391	20973	28436	0	113584	33509	8216576	131	0	522	9	522	9	0	390	2	2
1771837161	393	20973	28436	0	113584	33509	8216576	131	0	522	9	522	9	0	392	2	2
1771837163	395	20973	28436	0	113584	33509	8216576	131	0	522	9	522	9	0	394	2	2
1771837165	396	20973	28436	0	113584	33509	8216576	131	0	522	9	522	9	0	396	2	2
1771837167	399	20973	28436	0	113584	33509	8216576	131	0	522	9	522	9	0	398	2	2
1771837169	401	20973	28436	0	113584	33509	8216576	131	0	522	9	522	9	0	400	2	2
1771837171	403	20973	28436	0	113584	33509	8216576	131	0	522	9	522	9	0	402	2	2
1771837173	405	20973	28436	0	113584	33509	8216576	131	0	522	9	522	9	0	404	2	2
1771837175	407	20973	28436	0	113584	33509	8216576	131	0	522	9	522	9	0	406	2	2
1771837177	409	20973	28436	0	113584	33509	8216576	131	0	522	9	522	9	0	408	2	2
1771837179	411	20968	28436	0	113584	33509	8216576	131	0	522	9	612	10	0	410	2	2
1771837181	413	20968	28436	0	113584	33509	8216576	131	0	612	10	612	10	0	412	2	2
1771837183	415	20973	28436	0	113584	33509	8216576	131	0	612	10	612	10	0	414	2	2
1771837185	417	20973	28436	0	113584	33509	8216576	131	0	696	12	696	12	0	416	2	2
1771837187	419	20973	28436	0	113584	33509	8216576	131	0	696	12	696	12	0	418	2	2
1771837189	421	20973	28436	0	113584	33509	8216576	131	0	696	12	696	12	0	420	2	2
1771837191	423	20973	28436	0	113584	33509	8216576	131	0	696	12	696	12	0	422	2	2
1771837193	425	20973	28436	0	113584	33509	8216576	131	0	696	12	696	12	0	424	2	2
1771837195	427	20973	28436	0	113584	33509	8216576	131	0	696	12	696	12	0	426	2	2
1771837197	429	20973	28436	0	113584	33509	8216576	131	0	696	12	696	12	0	428	2	2
1771837199	431	20965	28436	0	113584	33509	8216576	131	0	696	12	696	12	0	430	2	2
1771837201	433	20973	28436	0	113584	33509	8216576	131	0	696	12	696	12	0	432	2	2
1771837203	435	20973	28436	0	113584	33509	8216576	131	0	696	12	696	12	0	434	2	2
1771837205	437	20973	28436	0	113584	33509	8216576	131	0	696	12	696	12	0	436	2	2
1771837207	439	20973	28436	0	113584	33509	8216576	131	0	696	12	696	12	0	438	2	2
1771837209	441	20973	28436	0	113584	33509	8216576	131	0	696	12	696	12	0	440	2	2
1771837211	443	20973	28436	0	113584	33509	8216576	131	0	696	12	696	12	0	442	2	2
1771837213	445	20973	28436	0	113584	33509	8216576	131	0	696	12	696	12	0	444	2	2
1771837215	446	20967	28436	0	113584	33509	8216576	131	0	696	12	696	12	0	446	2	2
1771837217	449	20967	28436	0	113584	33509	8216576	131	0	696	12	696	12	0	448	2	2
1771837219	451	20965	28436	0	113584	33509	8216576	131	0	696	12	696	12	0	450	2	2
1771837221	453	20965	28436	0	113584	33509	8216576	131	0	696	12	696	12	0	452	2	2
1771837223	455	20973	28436	0	113584	33509	8216576	131	0	696	12	696	12	0	454	2	2
1771837225	457	20973	28436	0	113584	33509	8216576	131	0	1064	16	696	12	0	456	2	2
1771837227	459	20973	28436	0	113584	33509	8216576	131	0	1432	20	696	12	0	458	2	2
1771837229	461	20973	28436	0	113584	33509	8216576	131	0	1800	24	696	12	0	460	2	2
1771837231	463	20965	28436	0	113584	33509	8216576	131	0	1800	24	696	12	0	462	2	2
1771837233	465	20965	28436	0	113584	33509	8216576	131	0	1800	24	696	12	0	464	2	2
1771837235	467	20973	28436	0	113584	33509	8216576	131	0	1800	24	696	12	0	466	2	2
1771837237	469	20973	28436	0	113584	33509	8216576	131	0	1800	24	696	12	0	468	2	2
1771837239	471	20965	28436	0	113584	33509	8216576	131	0	1800	24	696	12	0	470	2	2
1771837241	473	20965	28436	0	113584	33509	8216576	131	0	1800	24	696	12	0	472	2	2
1771837243	475	20973	28436	0	113584	33509	8216576	131	0	1800	24	696	12	0	474	2	2
1771837245	477	20973	28436	0	113584	33509	8216576	131	0	1800	24	696	12	0	476	2	2
1771837247	479	20973	28436	0	113584	33509	8216576	131	0	1800	24	696	12	0	478	2	2
1771837249	481	20965	28436	0	113584	33509	8216576	131	0	1800	24	696	12	0	480	2	2
1771837251	483	20965	28436	0	113584	33509	8216576	131	0	1800	24	696	12	0	482	2	2
1771837253	485	20973	28436	0	113584	33509	8216576	131	0	1800	24	696	12	0	484	2	2
1771837255	487	20973	28436	0	113584	33509	8216576	131	0	1800	24	696	12	0	486	2	2
1771837257	489	20973	28436	0	113584	33509	8216576	131	0	1800	24	696	12	0	488	2	2
1771837259	491	20967	28436	0	113584	33509	8216576	131	0	1800	24	696	12	0	490	2	2
1771837261	493	20967	28436	0	113584	33509	8216576	131	0	1800	24	696	12	0	492	2	2
1771837263	495	20973	28436	0	113584	33509	8216576	131	0	1800	24	696	12	0	494	2	2
1771837265	497	20973	28436	0	113584	33509	8216576	131	0	1800	24	696	12	0	496	2	2
1771837267	499	20973	28436	0	113584	33509	8216576	131	0	1800	24	696	12	0	498	2	2
1771837269	501	20973	28436	0	113584	33509	8216576	131	0	1800	24	696	12	0	500	2	2
1771837271	503	20973	28436	0	113584	33509	8216576	131	0	1800	24	696	12	0	502	2	2
1771837273	505	20973	28436	0	113584	33509	8216576	131	0	1800	24	696	12	0	504	2	2
1771837275	507	20965	28436	0	113584	33509	8216576	131	0	1800	24	696	12	0	506	2	2
1771837277	509	20965	28436	0	113584	33509	8216576	131	0	1800	24	696	12	0	508	2	2
1771837279	510	20973	28436	0	113584	33509	8216576	131	0	1800	24	696	12	0	510	2	2
1771837281	512	20973	28436	0	113584	33509	8216576	131	0	1800	24	696	12	0	512	2	2
1771837283	514	20973	28436	0	113584	33509	8216576	131	0	1800	24	696	12	0	514	2	2
1771837285	517	20973	28436	0	113584	33509	8216576	131	0	1800	24	696	12	0	516	2	2
1771837287	519	20973	28436	0	113584	33509	8216576	131	0	1800	24	696	12	0	518	2	2
1771837289	521	20973	28436	0	113584	33509	8216576	131	0	1800	24	696	12	0	520	2	2
1771837291	523	20973	28436	0	113584	33509	8216576	131	0	1800	24	696	12	0	522	2	2
1771837293	525	20973	28436	0	113584	33509	8216576	131	0	1800	24	696	12	0	524	2	2
1771837295	527	20973	28436	0	113584	33509	8216576	131	0	1800	24	696	12	0	526	2	2
1771837297	529	20968	28436	0	113584	33509	8216576	131	0	1800	24	696	12	0	528	2	2
1771837299	531	20965	28436	0	113584	33509	8216576	131	0	1800	24	696	12	0	530	2	2
1771837301	533	20965	28436	0	113584	33509	8216576	131	0	1800	24	696	12	0	532	2	2
1771837303	535	20973	28436	0	113584	33509	8216576	131	0	1800	24	696	12	0	534	2	2
1771837305	537	20973	28436	0	113584	33509	8216576	131	0	1800	24	696	12	0	536	2	2
1771837307	539	20973	28436	0	113584	33509	8216576	131	0	1800	24	696	12	0	538	2	2
1771837309	541	20973	28436	0	113584	33509	8216576	131	0	1890	25	786	13	0	540	2	2
1771837311	543	20973	28436	0	113584	33509	8216576	131	0	1890	25	786	13	0	542	2	2
1771837313	545	20973	28436	0	113584	33509	8216576	131	0	1974	27	870	15	0	544	2	2
1771837315	547	20973	28436	0	113584	33509	8216576	131	0	1974	27	870	15	0	546	2	2
1771837317	549	20973	28436	0	113584	33509	8216576	131	0	1974	27	870	15	0	548	2	2
1771837319	551	20973	28436	0	113584	33509	8216576	131	0	1974	27	870	15	0	550	2	2
1771837321	553	20973	28436	0	113584	33509	8216576	131	0	1974	27	870	15	0	552	2	2
1771837323	555	20973	28436	0	113584	33509	8216576	131	0	1974	27	870	15	0	554	2	2
1771837325	556	20973	28436	0	113584	33509	8216576	131	0	1974	27	870	15	0	556	2	2
1771837327	558	20973	28436	0	113584	33509	8216576	131	0	1974	27	870	15	0	558	2	2
1771837329	561	20973	28436	0	113584	33509	8216576	131	0	1974	27	870	15	0	560	2	2
1771837331	563	20973	28436	0	113584	33509	8216576	131	0	1974	27	870	15	0	562	2	2
1771837333	565	20967	28436	0	113584	33509	8216576	131	0	1974	27	870	15	0	564	2	2
1771837335	567	20967	28436	0	113584	33509	8216576	131	0	1974	27	870	15	0	566	2	2
1771837337	569	20973	28436	0	113584	33509	8216576	131	0	1974	27	870	15	0	568	2	2
1771837339	571	20973	28436	0	113584	33509	8216576	131	0	1974	27	870	15	0	570	2	2
1771837341	573	20973	28436	0	113584	33509	8216576	131	0	1974	27	870	15	0	572	2	2
1771837343	575	20973	28436	0	113584	33509	8216576	131	0	1974	27	870	15	0	574	2	2
1771837345	577	20973	28436	0	113584	33509	8216576	131	0	1974	27	870	15	0	576	2	2
1771837347	579	20965	28436	0	113584	33509	8216576	131	0	1974	27	870	15	0	578	2	2
1771837349	581	20965	28436	0	113584	33509	8216576	131	0	1974	27	870	15	0	580	2	2
1771837351	583	20965	28436	0	113584	33509	8216576	131	0	1974	27	870	15	0	582	2	2
1771837353	585	20973	28436	0	113584	33509	8216576	131	0	1974	27	870	15	0	584	2	2
1771837355	587	20973	28436	0	113584	33509	8216576	131	0	1974	27	870	15	0	586	2	2
1771837357	589	20973	28436	0	113584	33509	8216576	131	0	1974	27	870	15	0	588	2	2
1771837359	591	20965	28436	0	113584	33509	8216576	131	0	1974	27	870	15	0	590	2	2
1771837361	593	20965	28436	0	113584	33509	8216576	131	0	1974	27	870	15	0	592	2	2
1771837363	595	20973	28436	0	113584	33509	8216576	131	0	1974	27	870	15	0	594	2	2
1771837365	597	20973	28436	0	113584	33509	8216576	131	0	1974	27	870	15	0	596	2	2
1771837367	599	20973	28436	0	113584	33509	8216576	131	0	1974	27	870	15	0	598	2	2
1771837369	601	20973	28436	0	113584	33509	8216576	131	0	1974	27	870	15	0	600	2	2
1771837371	603	20973	28436	0	113584	33509	8216576	131	0	1974	27	870	15	0	602	2	2
1771837373	605	20973	28436	0	113584	33509	8216576	131	0	1974	27	870	15	0	604	2	2
1771837375	607	20973	28436	0	113584	33509	8216576	131	0	1974	27	870	15	0	606	2	2
1771837377	609	20973	28436	0	113584	33509	8216576	131	0	1974	27	870	15	0	608	2	2
1771837379	611	20973	28436	0	113584	33509	8216576	131	0	1974	27	870	15	0	610	2	2
1771837381	613	20973	28436	0	113584	33509	8216576	131	0	1974	27	870	15	0	612	2	2
1771837383	615	20973	28436	0	113584	33509	8216576	131	0	1974	27	870	15	0	614	2	2
1771837385	616	20973	28436	0	113584	33509	8216576	131	0	1974	27	870	15	0	616	2	2
1771837387	618	20973	28436	0	113584	33509	8216576	131	0	1974	27	870	15	0	618	2	2
1771837389	620	20973	28436	0	113584	33509	8216576	131	0	1974	27	870	15	0	620	2	2
1771837391	623	20973	28436	0	113584	33509	8216576	131	0	1974	27	870	15	0	622	2	2
1771837393	625	20973	28436	0	113584	33509	8216576	131	0	1974	27	870	15	0	624	2	2
1771837395	627	20973	28436	0	113584	33509	8216576	131	0	1974	27	870	15	0	626	2	2
1771837397	629	20973	28436	0	113584	33509	8216576	131	0	1974	27	870	15	0	628	2	2
1771837399	631	20965	28436	0	113584	33509	8216576	131	0	1974	27	870	15	0	630	2	2
1771837401	633	20965	28436	0	113584	33509	8216576	131	0	1974	27	870	15	0	632	2	2
1771837403	635	20973	28436	0	113584	33509	8216576	131	0	1974	27	870	15	0	634	2	2
1771837405	637	20973	28436	0	113584	33509	8216576	131	0	1974	27	870	15	0	636	2	2
1771837407	639	20973	28436	0	113584	33509	8216576	131	0	1974	27	870	15	0	638	2	2
1771837409	641	20973	28436	0	113584	33509	8216576	131	0	1974	27	870	15	0	640	2	2
1771837411	643	20973	28436	0	113584	33509	8216576	131	0	1974	27	870	15	0	642	2	2
1771837413	645	20973	28436	0	113584	33509	8216576	131	0	1974	27	870	15	0	644	2	2
1771837415	647	20973	28436	0	113584	33509	8216576	131	0	1974	27	870	15	0	646	2	2
1771837417	649	20973	28436	0	113584	33509	8216576	131	0	1974	27	870	15	0	648	2	2
1771837419	651	20965	28436	0	113584	33509	8216576	131	0	1974	27	870	15	0	650	2	2
1771837421	653	20965	28436	0	113584	33509	8216576	131	0	1974	27	870	15	0	652	2	2
1771837423	655	20973	28436	0	113584	33509	8216576	131	0	1974	27	870	15	0	654	2	2
1771837425	657	20973	28436	0	113584	33509	8216576	131	0	1974	27	870	15	0	656	2	2
1771837427	659	20973	28436	0	113584	33509	8216576	131	0	1974	27	870	15	0	658	2	2
1771837429	661	20973	28436	0	113584	33509	8216576	131	0	1974	27	870	15	0	660	2	2
1771837431	663	20973	28436	0	113584	33509	8216576	131	0	1974	27	870	15	0	662	2	2
1771837433	665	20973	28436	0	113584	33509	8216576	131	0	1974	27	870	15	0	664	2	2
1771837435	667	20973	28436	0	113584	33509	8216576	131	0	1974	27	870	15	0	666	2	2
1771837437	669	20973	28436	0	113584	33509	8216576	131	0	2064	28	960	16	0	668	2	2
1771837439	671	20973	28436	0	113584	33509	8216576	131	0	2064	28	960	16	0	670	2	2
1771837441	673	20973	28436	0	113584	33509	8216576	131	0	2148	30	1044	18	0	672	2	2
1771837443	675	20973	28436	0	113584	33509	8216576	131	0	2148	30	1044	18	0	674	2	2
1771837445	677	20973	28436	0	113584	33509	8216576	131	0	2148	30	1044	18	0	676	2	2
1771837447	679	20973	28436	0	113584	33509	8216576	131	0	2148	30	1044	18	0	678	2	2
1771837449	681	20973	28436	0	113584	33509	8216576	131	0	2148	30	1044	18	0	680	2	2
1771837451	683	20965	28436	0	113584	33509	8216576	131	0	2148	30	1044	18	0	682	2	2
1771837453	684	20965	28436	0	113584	33509	8216576	131	0	2148	30	1044	18	0	684	2	2
1771837455	686	20973	28436	0	113584	33509	8216576	131	0	2148	30	1044	18	0	686	2	2
1771837457	689	20973	28436	0	113584	33509	8216576	131	0	2148	30	1044	18	0	688	2	2
1771837459	691	20973	28436	0	113584	33509	8216576	131	0	2148	30	1044	18	0	690	2	2
1771837461	693	20973	28436	0	113584	33509	8216576	131	0	2148	30	1044	18	0	692	2	2
1771837463	695	20973	28436	0	113584	33509	8216576	131	0	2148	30	1044	18	0	694	2	2
1771837465	697	20973	28436	0	113584	33509	8216576	131	0	2148	30	1044	18	0	696	2	2
1771837467	699	20973	28436	0	113584	33509	8216576	131	0	2148	30	1044	18	0	698	2	2
1771837469	701	20973	28436	0	113584	33509	8216576	131	0	2148	30	1044	18	0	700	2	2
1771837471	703	20973	28436	0	113584	33509	8216576	131	0	2148	30	1044	18	0	702	2	2
1771837473	705	20973	28436	0	113584	33509	8216576	131	0	2148	30	1044	18	0	704	2	2
1771837475	707	20968	28436	0	113584	33509	8216576	131	0	2148	30	1044	18	0	706	2	2
1771837477	709	20968	28436	0	113584	33509	8216576	131	0	2148	30	1044	18	0	708	2	2
1771837479	711	20965	28436	0	113584	33509	8216576	131	0	2148	30	1044	18	0	710	2	2
1771837481	713	20965	28436	0	113584	33509	8216576	131	0	2148	30	1044	18	0	712	2	2
1771837483	715	20973	28436	0	113584	33509	8216576	131	0	2148	30	1044	18	0	714	2	2
1771837485	717	20973	28436	0	113584	33509	8216576	131	0	2148	30	1044	18	0	716	2	2
1771837487	719	20973	28436	0	113584	33509	8216576	131	0	2148	30	1044	18	0	718	2	2
1771837489	721	20973	28436	0	113584	33509	8216576	131	0	2148	30	1044	18	0	720	2	2
1771837491	723	20973	28436	0	113584	33509	8216576	131	0	2148	30	1044	18	0	722	2	2
1771837493	725	20973	28436	0	113584	33509	8216576	131	0	2148	30	1044	18	0	724	2	2
1771837495	727	20973	28436	0	113584	33509	8216576	131	0	2148	30	1044	18	0	726	2	2
1771837497	729	20973	28436	0	113584	33509	8216576	131	0	2148	30	1044	18	0	728	2	2
1771837499	731	20973	28436	0	113584	33509	8216576	131	0	2148	30	1044	18	0	730	2	2
1771837501	733	20973	28436	0	113584	33509	8216576	131	0	2148	30	1044	18	0	732	2	2
1771837503	735	20965	28436	0	113584	33509	8216576	131	0	2148	30	1044	18	0	734	2	2
1771837505	737	20965	28436	0	113584	33509	8216576	131	0	2148	30	1044	18	0	736	2	2
1771837507	739	20973	28436	0	113584	33509	8216576	131	0	2148	30	1044	18	0	738	2	2
1771837509	741	20973	28436	0	113584	33509	8216576	131	0	2148	30	1044	18	0	740	2	2
1771837511	743	20973	28436	0	113584	33509	8216576	131	0	2148	30	1044	18	0	742	2	2
1771837513	745	20973	28436	0	113584	33509	8216576	131	0	2148	30	1044	18	0	744	2	2
1771837515	747	20973	28436	0	113584	33509	8216576	131	0	2148	30	1044	18	0	746	2	2
1771837517	749	20973	28436	0	113584	33509	8216576	131	0	2148	30	1044	18	0	748	2	2
1771837519	751	20973	28436	0	113584	33509	8216576	131	0	2148	30	1044	18	0	750	2	2
1771837521	753	20973	28436	0	113584	33509	8216576	131	0	2148	30	1044	18	0	752	2	2
1771837523	754	20973	28436	0	113584	33509	8216576	131	0	2148	30	1044	18	0	754	2	2
1771837525	756	20973	28436	0	113584	33509	8216576	131	0	2148	30	1044	18	0	756	2	2
1771837527	758	20973	28436	0	113584	33509	8216576	131	0	2148	30	1044	18	0	758	2	2
1771837529	761	20973	28436	0	113584	33509	8216576	131	0	2148	30	1044	18	0	760	2	2
1771837531	763	20973	28436	0	113584	33509	8216576	131	0	2148	30	1044	18	0	762	2	2
1771837533	765	20973	28436	0	113584	33509	8216576	131	0	2148	30	1044	18	0	764	2	2
1771837535	767	20973	28436	0	113584	33509	8216576	131	0	2148	30	1044	18	0	766	2	2
1771837537	769	20973	28436	0	113584	33509	8216576	131	0	2148	30	1044	18	0	768	2	2
1771837539	771	20965	28436	0	113584	33509	8216576	131	0	2148	30	1044	18	0	770	2	2
1771837541	773	20965	28436	0	113584	33509	8216576	131	0	2148	30	1044	18	0	772	2	2
1771837543	775	20973	28436	0	113584	33509	8216576	131	0	2148	30	1044	18	0	774	2	2
1771837545	777	20973	28436	0	113584	33509	8216576	131	0	2148	30	1044	18	0	776	2	2
1771837547	779	20973	28436	0	113584	33509	8216576	131	0	2148	30	1044	18	0	778	2	2
1771837549	781	20973	28436	0	113584	33509	8216576	131	0	2148	30	1044	18	0	780	2	2
1771837551	783	20973	28436	0	113584	33509	8216576	131	0	2148	30	1044	18	0	782	2	2
1771837553	785	20965	28436	0	113584	33509	8216576	131	0	2148	30	1044	18	0	784	2	2
1771837555	787	20965	28436	0	113584	33509	8216576	131	0	2148	30	1044	18	0	786	2	2
1771837557	789	20973	28436	0	113584	33509	8216576	131	0	2148	30	1044	18	0	788	2	2
1771837559	791	20973	28436	0	113584	33509	8216576	131	0	2148	30	1044	18	0	790	2	2
1771837561	793	20973	28436	0	113584	33509	8216576	131	0	2148	30	1044	18	0	792	2	2
1771837563	795	20973	28436	0	113584	33509	8216576	131	0	2148	30	1044	18	0	794	2	2
1771837565	797	20973	28436	0	113584	33509	8216576	131	0	2238	31	1134	19	0	796	2	2
1771837567	799	20973	28436	0	113584	33509	8216576	131	0	2238	31	1134	19	0	798	2	2
1771837569	801	20973	28436	0	113584	33509	8216576	131	0	2322	33	1218	21	0	800	2	2
1771837571	803	20973	28436	0	113584	33509	8216576	131	0	2322	33	1218	21	0	802	2	2
1771837573	805	20973	28436	0	113584	33509	8216576	131	0	2322	33	1218	21	0	804	2	2
1771837575	807	20973	28436	0	113584	33509	8216576	131	0	2322	33	1218	21	0	806	2	2
1771837577	808	20973	28436	0	113584	33509	8216576	131	0	2322	33	1218	21	0	808	2	2
1771837579	811	20973	28436	0	113584	33509	8216576	131	0	2322	33	1218	21	0	810	2	2
1771837581	813	20973	28436	0	113584	33509	8216576	131	0	2322	33	1218	21	0	812	2	2
1771837583	815	20973	28436	0	113584	33509	8216576	131	0	2322	33	1218	21	0	814	2	2
1771837585	817	20973	28436	0	113584	33509	8216576	131	0	2322	33	1218	21	0	816	2	2
1771837587	819	20973	28436	0	113584	33509	8216576	131	0	2322	33	1218	21	0	818	2	2
1771837589	821	20973	28436	0	113584	33509	8216576	131	0	2322	33	1218	21	0	820	2	2
1771837591	823	20973	28436	0	113584	33509	8216576	131	0	2322	33	1218	21	0	822	2	2
1771837593	825	20973	28436	0	113584	33509	8216576	131	0	2322	33	1218	21	0	824	2	2
1771837595	827	20973	28436	0	113584	33509	8216576	131	0	2322	33	1218	21	0	826	2	2
1771837597	829	20973	28436	0	113584	33509	8216576	131	0	2322	33	1218	21	0	828	2	2
1771837599	831	20965	28436	0	113584	33509	8216576	131	0	2322	33	1218	21	0	830	2	2
1771837601	833	20965	28436	0	113584	33509	8216576	131	0	2322	33	1218	21	0	832	2	2
1771837603	835	20973	28436	0	113584	33509	8216576	131	0	2322	33	1218	21	0	834	2	2
1771837605	837	20973	28436	0	113584	33509	8216576	131	0	2322	33	1218	21	0	836	2	2
1771837607	839	20973	28436	0	113584	33509	8216576	131	0	2322	33	1218	21	0	838	2	2
1771837609	841	20973	28436	0	113584	33509	8216576	131	0	2322	33	1218	21	0	840	2	2
1771837611	843	20973	28436	0	113584	33509	8216576	131	0	2322	33	1218	21	0	842	2	2
1771837613	845	20973	28436	0	113584	33509	8216576	131	0	2322	33	1218	21	0	844	2	2
1771837615	847	20973	28436	0	113584	33509	8216576	131	0	2322	33	1218	21	0	846	2	2
1771837617	849	20973	28436	0	113584	33509	8216576	131	0	2322	33	1218	21	0	848	2	2
1771837619	851	20973	28436	0	113584	33509	8216576	131	0	2322	33	1218	21	0	850	2	2
1771837621	853	20973	28436	0	113584	33509	8216576	131	0	2322	33	1218	21	0	852	2	2
1771837623	855	20973	28436	0	113584	33509	8216576	131	0	2322	33	1218	21	0	854	2	2
1771837625	857	20965	28436	0	113584	33509	8216576	131	0	2322	33	1218	21	0	856	2	2
1771837627	859	20973	28436	0	113584	33509	8216576	131	0	2322	33	1218	21	0	858	2	2
1771837629	861	20973	28436	0	113584	33509	8216576	131	0	2412	34	1308	22	0	860	2	2
1771837631	863	20973	28436	0	113584	33509	8216576	131	0	2412	34	1308	22	0	862	2	2
1771837633	864	20973	28436	0	113584	33509	8216576	131	0	2454	35	1350	23	0	864	2	2
1771837635	866	20973	28436	0	113584	33509	8216576	131	0	2496	36	1392	24	0	866	2	2
1771837637	869	20973	28436	0	113584	33509	8216576	131	0	2496	36	1392	24	0	868	2	2
1771837639	871	20973	28436	0	113584	33509	8216576	131	0	2496	36	1392	24	0	870	2	2
1771837641	873	20973	28436	0	113584	33509	8216576	131	0	2496	36	1392	24	0	872	2	2
1771837643	875	20973	28436	0	113584	33509	8216576	131	0	2496	36	1392	24	0	874	2	2
1771837645	877	20973	28436	0	113584	33509	8216576	131	0	2496	36	1392	24	0	876	2	2
1771837647	879	20968	28436	0	113584	33509	8216576	131	0	2496	36	1392	24	0	878	2	2
1771837649	881	20973	28436	0	113584	33509	8216576	131	0	2496	36	1392	24	0	880	2	2
1771837651	883	20973	28436	0	113584	33509	8216576	131	0	2496	36	1392	24	0	882	2	2
1771837653	885	20973	28436	0	113584	33509	8216576	131	0	2496	36	1392	24	0	884	2	2
1771837655	887	20973	28436	0	113584	33509	8216576	131	0	2496	36	1392	24	0	886	2	2
1771837657	889	20973	28436	0	113584	33509	8216576	131	0	2496	36	1392	24	0	888	2	2
1771837659	891	20965	28436	0	113584	33509	8216576	131	0	2496	36	1392	24	0	890	2	2
1771837661	893	20965	28436	0	113584	33509	8216576	131	0	2586	37	1482	25	0	892	2	2
1771837663	895	20973	28436	0	113584	33509	8216576	131	0	2586	37	1482	25	0	894	2	2
1771837665	897	20973	28436	0	113584	33509	8216576	131	0	2586	37	1482	25	0	896	2	2
1771837667	899	20973	28436	0	113584	33509	8216576	131	0	2628	38	1524	26	0	898	2	2
1771837669	901	20973	28436	0	113584	33509	8216576	131	0	2628	38	1524	26	0	900	2	2
1771837671	903	20973	28436	0	113584	33509	8216576	131	0	2628	38	1524	26	0	902	2	2
1771837673	905	20973	28436	0	113584	33509	8216576	131	0	2628	38	1524	26	0	904	2	2
1771837675	907	20973	28436	0	113584	33509	8216576	131	0	2628	38	1524	26	0	906	2	2
1771837677	909	20973	28436	0	113584	33509	8216576	131	0	2628	38	1524	26	0	908	2	2
1771837679	911	20973	28436	0	113584	33509	8216576	131	0	2628	38	1524	26	0	910	2	2
1771837681	913	20973	28436	0	113584	33509	8216576	131	0	2628	38	1524	26	0	912	2	2
1771837683	915	20973	28436	0	113584	33509	8216576	131	0	2628	38	1524	26	0	914	2	2
1771837685	917	20973	28436	0	113584	33509	8216576	131	0	2628	38	1524	26	0	916	2	2
1771837687	919	20973	28436	0	113584	33509	8216576	131	0	2628	38	1524	26	0	918	2	2
1771837689	921	20973	28436	0	113584	33509	8216576	131	0	2628	38	1524	26	0	920	2	2
1771837691	923	20973	28436	0	113584	33509	8216576	131	0	2628	38	1524	26	0	922	2	2
1771837693	925	20965	28436	0	113584	33509	8216576	131	0	2718	39	1614	27	0	924	2	2
1771837695	926	20973	28436	0	113584	33509	8216576	131	0	2718	39	1614	27	0	926	2	2
1771837697	929	20973	28436	0	113584	33509	8216576	131	0	2718	39	1614	27	0	928	2	2
1771837699	931	20973	28436	0	113584	33509	8216576	131	0	2802	41	1698	29	0	930	2	2
1771837701	933	20973	28436	0	113584	33509	8216576	131	0	2802	41	1698	29	0	932	2	2
1771837703	935	20973	28436	0	113584	33509	8216576	131	0	2802	41	1698	29	0	934	2	2
1771837705	937	20973	28436	0	113584	33509	8216576	131	0	2802	41	1698	29	0	936	2	2
1771837707	939	20973	28436	0	113584	33509	8216576	131	0	2802	41	1698	29	0	938	2	2
1771837709	941	20973	28436	0	113584	33509	8216576	131	0	2802	41	1698	29	0	940	2	2
1771837711	943	20973	28436	0	113584	33509	8216576	131	0	2802	41	1698	29	0	942	2	2
1771837713	945	20973	28436	0	113584	33509	8216576	131	0	2802	41	1698	29	0	944	2	2
1771837715	947	20973	28436	0	113584	33509	8216576	131	0	2802	41	1698	29	0	946	2	2
1771837717	949	20973	28436	0	113584	33509	8216576	131	0	2802	41	1698	29	0	948	2	2
1771837719	951	20965	28436	0	113584	33509	8216576	131	0	2802	41	1698	29	0	950	2	2
1771837721	953	20965	28436	0	113584	33509	8216576	131	0	2802	41	1698	29	0	952	2	2
1771837723	955	20973	28436	0	113584	33509	8216576	131	0	2802	41	1698	29	0	954	2	2
1771837725	957	20973	28436	0	113584	33509	8216576	131	0	2892	42	1788	30	0	956	2	2
1771837727	958	20973	28436	0	113584	33509	8216576	131	0	2892	42	1788	30	0	958	2	2
1771837729	960	20973	28436	0	113584	33509	8216576	131	0	2892	42	1788	30	0	960	2	2
1771837731	962	20973	28436	0	113584	33509	8216576	131	0	2934	43	1830	31	0	962	2	2
1771837733	965	20973	28436	0	113584	33509	8216576	131	0	2934	43	1830	31	0	964	2	2
1771837735	967	20973	28436	0	113584	33509	8216576	131	0	2934	43	1830	31	0	966	2	2
1771837737	969	20973	28436	0	113584	33509	8216576	131	0	2934	43	1830	31	0	968	2	2
1771837739	971	20965	28436	0	113584	33509	8216576	131	0	2934	43	1830	31	0	970	2	2
1771837741	973	20965	28436	0	113584	33509	8216576	131	0	2934	43	1830	31	0	972	2	2
1771837743	975	20973	28436	0	113584	33509	8216576	131	0	2934	43	1830	31	0	974	2	2
1771837745	977	20973	28436	0	113584	33509	8216576	131	0	2934	43	1830	31	0	976	2	2
1771837747	979	20973	28436	0	113584	33509	8216576	131	0	2934	43	1830	31	0	978	2	2
1771837749	981	20973	28436	0	113584	33509	8216576	131	0	2934	43	1830	31	0	980	2	2
1771837751	983	20973	28436	0	113584	33509	8216576	131	0	2934	43	1830	31	0	982	2	2
1771837753	985	20973	28436	0	113584	33509	8216576	131	0	2934	43	1830	31	0	984	2	2
1771837755	987	20973	28436	0	113584	33509	8216576	131	0	2934	43	1830	31	0	986	2	2
1771837757	989	20973	28436	0	113584	33509	8216576	131	0	2934	43	1830	31	0	988	2	2
1771837759	991	20973	28436	0	113584	33509	8216576	131	0	2934	43	1830	31	0	990	2	2
1771837761	993	20973	28436	0	113584	33509	8216576	131	0	2934	43	1830	31	0	992	2	2
1771837763	995	20973	28436	0	113584	33509	8216576	131	0	2934	43	1830	31	0	994	2	2
1771837765	997	20973	28436	0	113584	33509	8216576	131	0	2934	43	1830	31	0	996	2	2
1771837767	999	20973	28436	0	113584	33509	8216576	131	0	2934	43	1830	31	0	998	2	2
