Time	wtime	pss	rss	swap	vmem	rchar	read_bytes	wchar	write_bytes	rx_bytes	rx_packets	tx_bytes	tx_packets	stime	utime	nprocs	nthreads
1771800565	0	15813	19800	0	25108	313958	0	0	0	0	0	0	0	0	0	1	1
1771800567	2	35349	39336	0	44644	313958	0	0	0	0	0	0	0	0	0	1	1
1771800569	4	54885	58872	0	64180	313958	0	0	0	0	0	0	0	0	0	1	1
1771800571	6	74421	78408	0	83716	313958	0	0	0	0	0	0	0	0	0	1	1
1771800573	6	74421	78408	0	83716	313958	0	0	0	90	1	90	1	0	0	1	1
1771800575	8	93957	97944	0	103252	313958	0	0	0	90	1	90	1	0	0	1	1
1771800577	10	113487	117480	0	122788	313958	0	0	0	90	1	90	1	0	0	1	1
1771800579	12	133023	137016	0	142324	313958	0	0	0	174	3	174	3	0	0	1	1
1771800581	14	152565	156552	0	161860	313958	0	0	0	174	3	174	3	0	0	1	1
1771800583	16	172101	176088	0	181396	313958	0	0	0	174	3	174	3	0	0	1	1
1771800585	18	191637	195624	0	200932	313958	0	0	0	174	3	174	3	0	0	1	1
1771800587	20	211173	215160	0	220468	313958	0	0	0	174	3	174	3	0	0	1	1
1771800589	22	230709	234696	0	240004	313958	0	0	0	174	3	174	3	0	0	1	1
1771800591	24	250239	254232	0	259540	313958	0	0	0	174	3	174	3	0	0	1	1
1771800593	26	269775	273768	0	279076	313958	0	0	0	174	3	174	3	0	0	1	1
1771800595	28	289317	293304	0	298612	313958	0	0	0	174	3	174	3	0	0	1	1
1771800597	30	308853	312840	0	318148	313958	0	0	0	174	3	174	3	0	0	1	1
1771800599	32	328389	332376	0	337684	313958	0	0	0	174	3	174	3	0	0	1	1
1771800601	34	347925	351912	0	357220	313958	0	0	0	174	3	174	3	0	0	1	1
1771800603	36	367461	371448	0	376756	313958	0	0	0	174	3	174	3	0	0	1	1
1771800605	38	386997	390984	0	396292	313958	0	0	0	174	3	174	3	0	0	1	1
1771800607	39	386997	390984	0	396292	313958	0	0	0	264	4	264	4	0	0	1	1
1771800609	40	406533	410520	0	415828	313958	0	0	0	264	4	264	4	0	0	1	1
1771800611	42	426069	430056	0	435364	313958	0	0	0	264	4	264	4	0	0	1	1
1771800613	44	445599	449592	0	454900	313958	0	0	0	348	6	348	6	0	0	1	1
1771800615	46	465135	469128	0	474436	313958	0	0	0	348	6	348	6	0	0	1	1
1771800617	48	484677	488664	0	493972	313958	0	0	0	348	6	348	6	0	0	1	1
1771800619	50	504213	508200	0	513508	313958	0	0	0	348	6	348	6	0	0	1	1
1771800621	52	523749	527736	0	533044	313958	0	0	0	348	6	348	6	0	0	1	1
1771800623	54	543285	547272	0	552580	313958	0	0	0	348	6	348	6	0	0	1	1
1771800625	56	562821	566808	0	572116	313958	0	0	0	348	6	348	6	0	0	1	1
1771800627	58	582357	586344	0	591652	313958	0	0	0	348	6	348	6	0	0	1	1
1771800629	60	592125	596112	0	601420	313958	0	0	0	348	6	348	6	0	0	1	1
1771800631	62	592125	596112	0	601420	313958	0	0	0	348	6	348	6	0	0	1	1
1771800633	64	592125	596112	0	601420	313958	0	0	0	348	6	348	6	0	0	1	1
1771800635	66	592119	596112	0	601420	313958	0	0	0	348	6	348	6	0	0	1	1
1771800637	68	592119	596112	0	601420	313958	0	0	0	348	6	348	6	0	0	1	1
1771800639	70	592125	596112	0	601420	313958	0	0	0	348	6	348	6	0	0	1	1
1771800641	71	592125	596112	0	601420	313958	0	0	0	438	7	438	7	0	0	1	1
1771800643	73	592125	596112	0	601420	313958	0	0	0	438	7	438	7	0	0	1	1
1771800645	75	592125	596112	0	601420	313958	0	0	0	438	7	438	7	0	0	1	1
1771800647	77	592125	596112	0	601420	313958	0	0	0	522	9	522	9	0	0	1	1
1771800649	79	592125	596112	0	601420	313958	0	0	0	522	9	522	9	0	0	1	1
1771800651	81	592125	596112	0	601420	313958	0	0	0	522	9	522	9	0	0	1	1
1771800653	83	592125	596112	0	601420	313958	0	0	0	522	9	522	9	0	0	1	1
1771800655	85	592125	596112	0	601420	313958	0	0	0	522	9	522	9	0	0	1	1
1771800657	87	592125	596112	0	601420	313958	0	0	0	522	9	522	9	0	0	1	1
1771800659	89	592125	596112	0	601420	313958	0	0	0	522	9	522	9	0	0	1	1
