Time	wtime	pss	rss	swap	vmem	rchar	read_bytes	wchar	write_bytes	rx_bytes	rx_packets	tx_bytes	tx_packets	stime	utime	nprocs	nthreads
1771834596	0	26473	45644	0	284020	33502	307200	144	0	0	0	0	0	0	2	5	5
1771834598	2	26469	45644	0	284020	33502	307200	144	0	0	0	0	0	0	10	5	5
1771834600	5	26454	45644	0	284020	33502	307200	144	0	0	0	0	0	0	18	5	5
1771834602	7	26469	45644	0	284020	33502	307200	144	0	0	0	0	0	0	26	5	5
1771834604	9	26469	45644	0	284020	33502	307200	144	0	0	0	0	0	0	34	5	5
1771834606	11	26469	45644	0	284020	33502	307200	144	0	0	0	0	0	0	42	5	5
1771834608	13	26469	45644	0	284020	33502	307200	144	0	0	0	0	0	0	50	5	5
1771834610	15	26469	45644	0	284020	33502	307200	144	0	0	0	0	0	0	58	5	5
1771834612	17	26469	45644	0	284020	33502	307200	144	0	90	1	90	1	0	66	5	5
1771834614	19	26469	45644	0	284020	33502	307200	144	0	90	1	90	1	0	74	5	5
1771834616	21	26469	45644	0	284020	33502	307200	144	0	174	3	174	3	0	82	5	5
1771834618	23	26469	45644	0	284020	33502	307200	144	0	174	3	174	3	0	91	5	5
1771834620	25	26469	45644	0	284020	33502	307200	144	0	174	3	174	3	0	99	5	5
1771834622	27	26469	45644	0	284020	33502	307200	144	0	174	3	174	3	0	107	5	5
1771834624	29	26469	45644	0	284020	33502	307200	144	0	174	3	174	3	0	115	5	5
1771834626	31	26469	45644	0	284020	33502	307200	144	0	174	3	174	3	0	123	5	5
1771834628	33	26469	45644	0	284020	33502	307200	144	0	174	3	174	3	0	131	5	5
1771834630	35	26469	45644	0	284020	33502	307200	144	0	174	3	174	3	0	139	5	5
1771834632	37	26469	45644	0	284020	33502	307200	144	0	174	3	174	3	0	147	5	5
1771834634	39	26469	45644	0	284020	33502	307200	144	0	174	3	174	3	0	155	5	5
1771834636	41	26469	45644	0	284020	33502	307200	144	0	174	3	174	3	0	163	5	5
1771834638	43	26469	45644	0	284020	33502	307200	144	0	174	3	174	3	0	171	5	5
1771834640	44	26469	45644	0	284020	33502	307200	144	0	174	3	174	3	0	178	5	5
1771834642	46	26469	45644	0	284020	33502	307200	144	0	174	3	174	3	0	186	5	5
1771834644	49	26469	45644	0	284020	33502	307200	144	0	174	3	174	3	0	194	5	5
1771834646	51	26469	45644	0	284020	33502	307200	144	0	174	3	174	3	0	202	5	5
1771834648	53	26454	45644	0	284020	33502	307200	144	0	174	3	174	3	0	210	5	5
1771834650	55	26469	45644	0	284020	33502	307200	144	0	174	3	174	3	0	218	5	5
1771834652	57	26469	45644	0	284020	33502	307200	144	0	174	3	174	3	0	227	5	5
1771834654	59	26469	45644	0	284020	33502	307200	144	0	174	3	174	3	0	235	5	5
1771834656	61	26469	45644	0	284020	33502	307200	144	0	174	3	174	3	0	243	5	5
1771834658	63	26469	45644	0	284020	33502	307200	144	0	174	3	174	3	0	251	5	5
1771834660	65	26454	45644	0	284020	33502	307200	144	0	174	3	174	3	0	259	5	5
1771834662	67	26469	45644	0	284020	33502	307200	144	0	174	3	174	3	0	267	5	5
1771834664	68	26469	45644	0	284020	33502	307200	144	0	174	3	174	3	0	274	5	5
1771834666	71	26469	45644	0	284020	33502	307200	144	0	174	3	174	3	0	282	5	5
1771834668	73	26469	45644	0	284020	33502	307200	144	0	174	3	174	3	0	290	5	5
1771834670	75	26469	45644	0	284020	33502	307200	144	0	174	3	174	3	0	298	5	5
1771834672	77	26469	45644	0	284020	33502	307200	144	0	174	3	174	3	0	306	5	5
1771834674	79	26469	45644	0	284020	33502	307200	144	0	174	3	174	3	0	314	5	5
1771834676	81	26469	45644	0	284020	33502	307200	144	0	264	4	264	4	0	322	5	5
1771834678	83	26469	45644	0	284020	33502	307200	144	0	264	4	264	4	0	330	5	5
1771834680	85	26469	45644	0	284020	33502	307200	144	0	348	6	348	6	0	338	5	5
1771834682	87	26469	45644	0	284020	33502	307200	144	0	348	6	348	6	0	346	5	5
1771834684	89	26469	45644	0	284020	33502	307200	144	0	348	6	348	6	0	354	5	5
1771834686	91	26469	45644	0	284020	33502	307200	144	0	348	6	348	6	0	363	5	5
1771834688	93	26469	45644	0	284020	33502	307200	144	0	348	6	348	6	0	371	5	5
1771834690	95	26469	45644	0	284020	33502	307200	144	0	348	6	348	6	0	379	5	5
1771834692	97	26469	45644	0	284020	33502	307200	144	0	348	6	348	6	0	387	5	5
1771834694	99	26469	45644	0	284020	33502	307200	144	0	348	6	348	6	0	395	5	5
1771834696	101	26469	45644	0	284020	33502	307200	144	0	348	6	348	6	0	403	5	5
1771834698	103	26469	45644	0	284020	33502	307200	144	0	348	6	348	6	0	411	5	5
1771834700	105	26469	45644	0	284020	33502	307200	144	0	348	6	348	6	0	419	5	5
1771834702	106	26469	45644	0	284020	33502	307200	144	0	348	6	348	6	0	426	5	5
1771834704	108	26469	45644	0	284020	33502	307200	144	0	348	6	348	6	0	434	5	5
1771834706	111	26469	45644	0	284020	33502	307200	144	0	348	6	348	6	0	442	5	5
1771834708	113	26454	45644	0	284020	33502	307200	144	0	348	6	348	6	0	450	5	5
1771834710	115	26454	45644	0	284020	33502	307200	144	0	348	6	348	6	0	458	5	5
1771834712	117	26469	45644	0	284020	33502	307200	144	0	348	6	348	6	0	466	5	5
1771834714	119	26469	45644	0	284020	33502	307200	144	0	348	6	348	6	0	474	5	5
1771834716	121	26469	45644	0	284020	33502	307200	144	0	348	6	348	6	0	482	5	5
1771834718	123	26469	45644	0	284020	33502	307200	144	0	348	6	348	6	0	490	5	5
1771834720	125	26454	45644	0	284020	33502	307200	144	0	348	6	348	6	0	498	5	5
1771834722	127	26469	45644	0	284020	33502	307200	144	0	348	6	348	6	0	507	5	5
1771834724	129	26469	45644	0	284020	33502	307200	144	0	348	6	348	6	0	515	5	5
1771834726	131	26469	45644	0	284020	33502	307200	144	0	348	6	348	6	0	523	5	5
1771834728	133	26469	45644	0	284020	33502	307200	144	0	348	6	348	6	0	531	5	5
1771834730	135	26469	45644	0	284020	33502	307200	144	0	348	6	348	6	0	539	5	5
1771834732	137	26469	45644	0	284020	33502	307200	144	0	348	6	348	6	0	547	5	5
1771834734	139	26469	45644	0	284020	33502	307200	144	0	348	6	348	6	0	555	5	5
1771834736	141	26469	45644	0	284020	33502	307200	144	0	348	6	348	6	0	563	5	5
1771834738	143	26469	45644	0	284020	33502	307200	144	0	348	6	348	6	0	571	5	5
1771834740	145	26469	45644	0	284020	33502	307200	144	0	438	7	438	7	0	579	5	5
1771834742	147	26469	45644	0	284020	33502	307200	144	0	438	7	438	7	0	587	5	5
1771834744	149	26469	45644	0	284020	33502	307200	144	0	480	8	480	8	0	595	5	5
1771834746	151	26469	45644	0	284020	33502	307200	144	0	522	9	522	9	0	603	5	5
1771834748	152	26469	45644	0	284020	33502	307200	144	0	522	9	522	9	0	610	5	5
1771834750	155	26469	45644	0	284020	33502	307200	144	0	522	9	522	9	0	618	5	5
1771834752	157	26469	45644	0	284020	33502	307200	144	0	522	9	522	9	0	626	5	5
1771834754	159	26469	45644	0	284020	33502	307200	144	0	522	9	522	9	0	634	5	5
1771834756	161	26469	45644	0	284020	33502	307200	144	0	522	9	522	9	0	642	5	5
1771834758	163	26469	45644	0	284020	33502	307200	144	0	522	9	522	9	0	650	5	5
1771834760	165	26469	45644	0	284020	33502	307200	144	0	522	9	522	9	0	658	5	5
1771834762	167	26469	45644	0	284020	33502	307200	144	0	522	9	522	9	0	666	5	5
1771834764	169	26469	45644	0	284020	33502	307200	144	0	522	9	522	9	0	674	5	5
1771834766	171	26469	45644	0	284020	33502	307200	144	0	522	9	522	9	0	682	5	5
1771834768	173	26469	45644	0	284020	33502	307200	144	0	522	9	522	9	0	690	5	5
1771834770	175	26469	45644	0	284020	33502	307200	144	0	522	9	522	9	0	698	5	5
1771834772	177	26469	45644	0	284020	33502	307200	144	0	522	9	522	9	0	707	5	5
1771834774	179	26454	45644	0	284020	33502	307200	144	0	522	9	522	9	0	715	5	5
1771834776	181	26469	45644	0	284020	33502	307200	144	0	522	9	522	9	0	723	5	5
1771834778	183	26469	45644	0	284020	33502	307200	144	0	522	9	522	9	0	731	5	5
1771834780	185	26454	45644	0	284020	33502	307200	144	0	522	9	522	9	0	739	5	5
1771834782	187	26469	45644	0	284020	33502	307200	144	0	522	9	522	9	0	747	5	5
1771834784	189	26469	45644	0	284020	33502	307200	144	0	522	9	522	9	0	755	5	5
1771834786	191	26469	45644	0	284020	33502	307200	144	0	522	9	522	9	0	763	5	5
1771834788	193	26469	45644	0	284020	33502	307200	144	0	522	9	522	9	0	771	5	5
1771834790	195	26469	45644	0	284020	33502	307200	144	0	522	9	522	9	0	779	5	5
1771834792	197	26469	45644	0	284020	33502	307200	144	0	522	9	522	9	0	787	5	5
1771834794	198	26469	45644	0	284020	33502	307200	144	0	522	9	522	9	0	794	5	5
1771834796	200	26469	45644	0	284020	33502	307200	144	0	522	9	522	9	0	802	5	5
1771834798	202	26469	45644	0	284020	33502	307200	144	0	522	9	522	9	0	810	5	5
1771834800	205	26469	45644	0	284020	33502	307200	144	0	522	9	522	9	0	818	5	5
1771834802	207	26469	45644	0	284020	33502	307200	144	0	522	9	522	9	0	826	5	5
1771834804	209	26469	45644	0	284020	33502	307200	144	0	612	10	612	10	0	834	5	5
1771834806	211	26469	45644	0	284020	33502	307200	144	0	612	10	612	10	0	842	5	5
1771834808	213	26469	45644	0	284020	33502	307200	144	0	612	10	612	10	0	850	5	5
1771834810	215	26469	45644	0	284020	33502	307200	144	0	696	12	696	12	0	858	5	5
1771834812	217	26469	45644	0	284020	33502	307200	144	0	696	12	696	12	0	866	5	5
1771834814	219	26469	45644	0	284020	33502	307200	144	0	696	12	696	12	0	874	5	5
1771834816	221	26469	45644	0	284020	33502	307200	144	0	696	12	696	12	0	882	5	5
1771834818	223	26469	45644	0	284020	33502	307200	144	0	696	12	696	12	0	891	5	5
1771834820	225	26469	45644	0	284020	33502	307200	144	0	696	12	696	12	0	899	5	5
1771834822	227	26469	45644	0	284020	33502	307200	144	0	696	12	696	12	0	907	5	5
1771834824	229	26469	45644	0	284020	33502	307200	144	0	696	12	696	12	0	915	5	5
1771834826	231	26469	45644	0	284020	33502	307200	144	0	696	12	696	12	0	923	5	5
1771834828	233	26469	45644	0	284020	33502	307200	144	0	696	12	696	12	0	931	5	5
1771834830	235	26469	45644	0	284020	33502	307200	144	0	696	12	696	12	0	939	5	5
1771834832	237	26469	45644	0	284020	33502	307200	144	0	696	12	696	12	0	947	5	5
1771834834	239	26469	45644	0	284020	33502	307200	144	0	696	12	696	12	0	955	5	5
1771834836	241	26454	45644	0	284020	33502	307200	144	0	696	12	696	12	0	963	5	5
1771834838	242	26454	45644	0	284020	33502	307200	144	0	696	12	696	12	0	970	5	5
1771834840	245	26454	45644	0	284020	33502	307200	144	0	696	12	696	12	0	978	5	5
1771834842	247	26469	45644	0	284020	33502	307200	144	0	696	12	696	12	0	986	5	5
1771834844	249	26469	45644	0	284020	33502	307200	144	0	696	12	696	12	0	994	5	5
1771834846	251	26469	45644	0	284020	33502	307200	144	0	696	12	696	12	0	1002	5	5
1771834848	253	26469	45644	0	284020	33502	307200	144	0	696	12	696	12	0	1010	5	5
1771834850	255	26469	45644	0	284020	33502	307200	144	0	696	12	696	12	0	1018	5	5
1771834852	257	26469	45644	0	284020	33502	307200	144	0	696	12	696	12	0	1026	5	5
1771834854	259	26469	45644	0	284020	33502	307200	144	0	696	12	696	12	0	1035	5	5
1771834856	261	26469	45644	0	284020	33502	307200	144	0	696	12	696	12	0	1043	5	5
1771834858	263	26469	45644	0	284020	33502	307200	144	0	696	12	696	12	0	1051	5	5
1771834860	265	26469	45644	0	284020	33502	307200	144	0	696	12	696	12	0	1059	5	5
1771834862	267	26469	45644	0	284020	33502	307200	144	0	696	12	696	12	0	1067	5	5
1771834864	269	26469	45644	0	284020	33502	307200	144	0	696	12	696	12	0	1075	5	5
1771834866	271	26469	45644	0	284020	33502	307200	144	0	696	12	696	12	0	1083	5	5
1771834868	273	26469	45644	0	284020	33502	307200	144	0	786	13	786	13	0	1091	5	5
1771834870	275	26469	45644	0	284020	33502	307200	144	0	786	13	786	13	0	1099	5	5
1771834872	277	26469	45644	0	284020	33502	307200	144	0	786	13	786	13	0	1107	5	5
1771834874	279	26469	45644	0	284020	33502	307200	144	0	870	15	870	15	0	1115	5	5
1771834876	280	26469	45644	0	284020	33502	307200	144	0	870	15	870	15	0	1122	5	5
1771834878	282	26469	45644	0	284020	33502	307200	144	0	870	15	870	15	0	1130	5	5
1771834880	285	26469	45644	0	284020	33502	307200	144	0	870	15	870	15	0	1138	5	5
1771834882	287	26469	45644	0	284020	33502	307200	144	0	870	15	870	15	0	1146	5	5
1771834884	289	26469	45644	0	284020	33502	307200	144	0	870	15	870	15	0	1154	5	5
1771834886	291	26469	45644	0	284020	33502	307200	144	0	870	15	870	15	0	1162	5	5
1771834888	293	26469	45644	0	284020	33502	307200	144	0	870	15	870	15	0	1170	5	5
1771834890	295	26469	45644	0	284020	33502	307200	144	0	870	15	870	15	0	1178	5	5
1771834892	297	26469	45644	0	284020	33502	307200	144	0	870	15	870	15	0	1186	5	5
1771834894	299	26469	45644	0	284020	33502	307200	144	0	870	15	870	15	0	1194	5	5
1771834896	301	26469	45644	0	284020	33502	307200	144	0	870	15	870	15	0	1203	5	5
1771834898	303	26454	45644	0	284020	33502	307200	144	0	870	15	870	15	0	1211	5	5
1771834900	305	26454	45644	0	284020	33502	307200	144	0	870	15	870	15	0	1219	5	5
1771834902	307	26469	45644	0	284020	33502	307200	144	0	870	15	870	15	0	1227	5	5
1771834904	309	26469	45644	0	284020	33502	307200	144	0	870	15	870	15	0	1235	5	5
1771834906	311	26469	45644	0	284020	33502	307200	144	0	870	15	870	15	0	1243	5	5
1771834908	313	26469	45644	0	284020	33502	307200	144	0	870	15	870	15	0	1251	5	5
1771834910	315	26469	45644	0	284020	33502	307200	144	0	870	15	870	15	0	1259	5	5
1771834912	317	26469	45644	0	284020	33502	307200	144	0	870	15	870	15	0	1267	5	5
1771834914	319	26469	45644	0	284020	33502	307200	144	0	870	15	870	15	0	1275	5	5
1771834916	321	26469	45644	0	284020	33502	307200	144	0	870	15	870	15	0	1283	5	5
1771834918	323	26469	45644	0	284020	33502	307200	144	0	870	15	870	15	0	1291	5	5
1771834920	325	26469	45644	0	284020	33502	307200	144	0	870	15	870	15	0	1299	5	5
1771834922	326	26469	45644	0	284020	33502	307200	144	0	870	15	870	15	0	1306	5	5
1771834924	329	26469	45644	0	284020	33502	307200	144	0	870	15	870	15	0	1314	5	5
1771834926	331	26469	45644	0	284020	33502	307200	144	0	870	15	870	15	0	1322	5	5
1771834928	333	26469	45644	0	284020	33502	307200	144	0	870	15	870	15	0	1330	5	5
1771834930	335	26469	45644	0	284020	33502	307200	144	0	870	15	870	15	0	1339	5	5
1771834932	337	26469	45644	0	284020	33502	307200	144	0	960	16	960	16	0	1347	5	5
1771834934	339	26469	45644	0	284020	33502	307200	144	0	960	16	960	16	0	1355	5	5
1771834936	341	26469	45644	0	284020	33502	307200	144	0	960	16	960	16	0	1363	5	5
1771834938	343	26469	45644	0	284020	33502	307200	144	0	1044	18	1044	18	0	1371	5	5
1771834940	345	26469	45644	0	284020	33502	307200	144	0	1044	18	1044	18	0	1379	5	5
1771834942	347	26469	45644	0	284020	33502	307200	144	0	1044	18	1044	18	0	1387	5	5
1771834944	348	26469	45644	0	284020	33502	307200	144	0	1044	18	1044	18	0	1394	5	5
1771834946	351	26469	45644	0	284020	33502	307200	144	0	1044	18	1044	18	0	1402	5	5
1771834948	353	26469	45644	0	284020	33502	307200	144	0	1044	18	1044	18	0	1410	5	5
1771834950	355	26469	45644	0	284020	33502	307200	144	0	1044	18	1044	18	0	1418	5	5
1771834952	357	26469	45644	0	284020	33502	307200	144	0	1044	18	1044	18	0	1426	5	5
1771834954	359	26469	45644	0	284020	33502	307200	144	0	1044	18	1044	18	0	1434	5	5
1771834956	361	26469	45644	0	284020	33502	307200	144	0	1044	18	1044	18	0	1442	5	5
1771834958	363	26469	45644	0	284020	33502	307200	144	0	1044	18	1044	18	0	1450	5	5
1771834960	365	26454	45644	0	284020	33502	307200	144	0	1044	18	1044	18	0	1459	5	5
1771834962	367	26469	45644	0	284020	33502	307200	144	0	1044	18	1044	18	0	1467	5	5
1771834964	369	26469	45644	0	284020	33502	307200	144	0	1044	18	1044	18	0	1475	5	5
1771834966	371	26469	45644	0	284020	33502	307200	144	0	1044	18	1044	18	0	1483	5	5
1771834968	373	26469	45644	0	284020	33502	307200	144	0	1044	18	1044	18	0	1491	5	5
1771834970	375	26469	45644	0	284020	33502	307200	144	0	1044	18	1044	18	0	1499	5	5
1771834972	377	26469	45644	0	284020	33502	307200	144	0	1044	18	1044	18	0	1507	5	5
1771834974	378	26469	45644	0	284020	33502	307200	144	0	1044	18	1044	18	0	1514	5	5
1771834976	381	26469	45644	0	284020	33502	307200	144	0	1044	18	1044	18	0	1522	5	5
1771834978	383	26469	45644	0	284020	33502	307200	144	0	1044	18	1044	18	0	1530	5	5
1771834980	385	26469	45644	0	284020	33502	307200	144	0	1044	18	1044	18	0	1538	5	5
1771834982	387	26469	45644	0	284020	33502	307200	144	0	1044	18	1044	18	0	1546	5	5
1771834984	389	26469	45644	0	284020	33502	307200	144	0	1044	18	1044	18	0	1555	5	5
1771834986	391	26469	45644	0	284020	33502	307200	144	0	1044	18	1044	18	0	1563	5	5
1771834988	393	26478	45644	0	284020	33502	307200	144	0	1044	18	1044	18	0	1571	5	5
1771834990	395	26478	45644	0	284020	33502	307200	144	0	1044	18	1044	18	0	1579	5	5
1771834992	397	26478	45644	0	284020	33502	307200	144	0	1044	18	1044	18	0	1587	5	5
1771834994	399	26478	45644	0	284020	33502	307200	144	0	1044	18	1044	18	0	1595	5	5
1771834996	401	26478	45644	0	284020	33502	307200	144	0	1044	18	1134	19	0	1603	5	5
1771834998	403	26478	45644	0	284020	33502	307200	144	0	1134	19	1134	19	0	1611	5	5
1771835000	405	26478	45644	0	284020	33502	307200	144	0	1134	19	1134	19	0	1619	5	5
1771835002	407	26478	45644	0	284020	33502	307200	144	0	1218	21	1218	21	0	1626	5	5
1771835004	409	26478	45644	0	284020	33502	307200	144	0	1218	21	1218	21	0	1634	5	5
1771835006	411	26478	45644	0	284020	33502	307200	144	0	1218	21	1218	21	0	1642	5	5
1771835008	413	26478	45644	0	284020	33502	307200	144	0	1218	21	1218	21	0	1650	5	5
1771835010	415	26478	45644	0	284020	33502	307200	144	0	1218	21	1218	21	0	1658	5	5
1771835012	417	26478	45644	0	284020	33502	307200	144	0	1218	21	1218	21	0	1666	5	5
1771835014	419	26478	45644	0	284020	33502	307200	144	0	1218	21	1218	21	0	1674	5	5
1771835016	421	26478	45644	0	284020	33502	307200	144	0	1218	21	1218	21	0	1682	5	5
1771835018	423	26478	45644	0	284020	33502	307200	144	0	1218	21	1218	21	0	1691	5	5
1771835020	425	26465	45644	0	284020	33502	307200	144	0	1218	21	1218	21	0	1699	5	5
1771835022	427	26478	45644	0	284020	33502	307200	144	0	1218	21	1218	21	0	1707	5	5
1771835024	429	26478	45644	0	284020	33502	307200	144	0	1218	21	1218	21	0	1715	5	5
1771835026	431	26478	45644	0	284020	33502	307200	144	0	1218	21	1218	21	0	1723	5	5
1771835028	432	26478	45644	0	284020	33502	307200	144	0	1218	21	1218	21	0	1730	5	5
1771835030	435	26478	45644	0	284020	33502	307200	144	0	1218	21	1218	21	0	1738	5	5
1771835032	437	26478	45644	0	284020	33502	307200	144	0	1218	21	1218	21	0	1746	5	5
1771835034	439	26478	45644	0	284020	33502	307200	144	0	1218	21	1218	21	0	1754	5	5
1771835036	441	26478	45644	0	284020	33502	307200	144	0	1218	21	1218	21	0	1762	5	5
1771835038	443	26478	45644	0	284020	33502	307200	144	0	1218	21	1218	21	0	1771	5	5
1771835040	445	26478	45644	0	284020	33502	307200	144	0	1218	21	1218	21	0	1779	5	5
1771835042	447	26478	45644	0	284020	33502	307200	144	0	1218	21	1218	21	0	1787	5	5
1771835044	449	26478	45644	0	284020	33502	307200	144	0	1218	21	1218	21	0	1795	5	5
1771835046	451	26478	45644	0	284020	33502	307200	144	0	1218	21	1218	21	0	1803	5	5
1771835048	453	26478	45644	0	284020	33502	307200	144	0	1218	21	1218	21	0	1811	5	5
1771835050	455	26478	45644	0	284020	33502	307200	144	0	1218	21	1218	21	0	1819	5	5
1771835052	457	26478	45644	0	284020	33502	307200	144	0	1218	21	1218	21	0	1827	5	5
1771835054	459	26478	45644	0	284020	33502	307200	144	0	1218	21	1218	21	0	1835	5	5
1771835056	460	26478	45644	0	284020	33502	307200	144	0	1218	21	1218	21	0	1842	5	5
1771835058	462	26478	45644	0	284020	33502	307200	144	0	1218	21	1218	21	0	1850	5	5
1771835060	465	26478	45644	0	284020	33502	307200	144	0	1218	21	1218	21	0	1858	5	5
1771835062	467	26478	45644	0	284020	33502	307200	144	0	1308	22	1308	22	0	1866	5	5
1771835064	469	26478	45644	0	284020	33502	307200	144	0	1308	22	1308	22	0	1874	5	5
1771835066	471	26478	45644	0	284020	33502	307200	144	0	1392	24	1392	24	0	1882	5	5
1771835068	473	26478	45644	0	284020	33502	307200	144	0	1392	24	1392	24	0	1890	5	5
1771835070	475	26478	45644	0	284020	33502	307200	144	0	1392	24	1392	24	0	1898	5	5
1771835072	477	26465	45644	0	284020	33502	307200	144	0	1392	24	1392	24	0	1907	5	5
1771835074	479	26478	45644	0	284020	33502	307200	144	0	1392	24	1392	24	0	1915	5	5
1771835076	481	26478	45644	0	284020	33502	307200	144	0	1392	24	1392	24	0	1923	5	5
1771835078	483	26478	45644	0	284020	33502	307200	144	0	1392	24	1392	24	0	1931	5	5
1771835080	485	26465	45644	0	284020	33502	307200	144	0	1392	24	1392	24	0	1939	5	5
1771835082	486	26478	45644	0	284020	33502	307200	144	0	1392	24	1392	24	0	1946	5	5
1771835084	489	26465	45644	0	284020	33502	307200	144	0	1392	24	1392	24	0	1954	5	5
1771835086	491	26478	45644	0	284020	33502	307200	144	0	1392	24	1392	24	0	1962	5	5
1771835088	493	26478	45644	0	284020	33502	307200	144	0	1392	24	1392	24	0	1970	5	5
1771835090	495	26478	45644	0	284020	33502	307200	144	0	1392	24	1392	24	0	1978	5	5
1771835092	497	26478	45644	0	284020	33502	307200	144	0	1392	24	1392	24	0	1986	5	5
1771835094	499	26478	45644	0	284020	33502	307200	144	0	1392	24	1392	24	0	1994	5	5
1771835096	501	26478	45644	0	284020	33502	307200	144	0	1392	24	1392	24	0	2003	5	5
1771835098	503	26478	45644	0	284020	33502	307200	144	0	1392	24	1392	24	0	2011	5	5
1771835100	505	26478	45644	0	284020	33502	307200	144	0	1392	24	1392	24	0	2019	5	5
1771835102	507	26478	45644	0	284020	33502	307200	144	0	1392	24	1392	24	0	2027	5	5
1771835104	509	26478	45644	0	284020	33502	307200	144	0	1392	24	1392	24	0	2035	5	5
1771835106	511	26478	45644	0	284020	33502	307200	144	0	1392	24	1392	24	0	2043	5	5
1771835108	513	26478	45644	0	284020	33502	307200	144	0	1392	24	1392	24	0	2051	5	5
1771835110	515	26478	45644	0	284020	33502	307200	144	0	1392	24	1392	24	0	2059	5	5
1771835112	517	26478	45644	0	284020	33502	307200	144	0	1392	24	1392	24	0	2067	5	5
1771835114	519	26478	45644	0	284020	33502	307200	144	0	1392	24	1392	24	0	2075	5	5
1771835116	521	26478	45644	0	284020	33502	307200	144	0	1392	24	1392	24	0	2083	5	5
1771835118	523	26478	45644	0	284020	33502	307200	144	0	1392	24	1392	24	0	2091	5	5
1771835120	524	26478	45644	0	284020	33502	307200	144	0	1392	24	1392	24	0	2098	5	5
1771835122	527	26478	45644	0	284020	33502	307200	144	0	1392	24	1392	24	0	2106	5	5
1771835124	529	26478	45644	0	284020	33502	307200	144	0	1392	24	1392	24	0	2114	5	5
1771835126	531	26478	45644	0	284020	33502	307200	144	0	1482	25	1482	25	0	2122	5	5
1771835128	533	26478	45644	0	284020	33502	307200	144	0	1482	25	1482	25	0	2130	5	5
1771835130	535	26478	45644	0	284020	33502	307200	144	0	1566	27	1566	27	0	2138	5	5
1771835132	537	26478	45644	0	284020	33502	307200	144	0	1566	27	1566	27	0	2146	5	5
1771835134	539	26478	45644	0	284020	33502	307200	144	0	1566	27	1566	27	0	2155	5	5
1771835136	541	26478	45644	0	284020	33502	307200	144	0	1566	27	1566	27	0	2163	5	5
1771835138	543	26478	45644	0	284020	33502	307200	144	0	1566	27	1566	27	0	2171	5	5
1771835140	545	26465	45644	0	284020	33502	307200	144	0	1566	27	1566	27	0	2179	5	5
1771835142	547	26478	45644	0	284020	33502	307200	144	0	1566	27	1566	27	0	2187	5	5
1771835144	549	26478	45644	0	284020	33502	307200	144	0	1566	27	1566	27	0	2195	5	5
1771835146	550	26465	45644	0	284020	33502	307200	144	0	1566	27	1566	27	0	2202	5	5
1771835148	553	26465	45644	0	284020	33502	307200	144	0	1566	27	1566	27	0	2210	5	5
1771835150	555	26478	45644	0	284020	33502	307200	144	0	1566	27	1566	27	0	2218	5	5
1771835152	557	26478	45644	0	284020	33502	307200	144	0	1566	27	1566	27	0	2226	5	5
1771835154	559	26478	45644	0	284020	33502	307200	144	0	1566	27	1566	27	0	2234	5	5
1771835156	561	26478	45644	0	284020	33502	307200	144	0	1566	27	1566	27	0	2242	5	5
1771835158	563	26478	45644	0	284020	33502	307200	144	0	1566	27	1566	27	0	2250	5	5
1771835160	565	26478	45644	0	284020	33502	307200	144	0	1566	27	1566	27	0	2258	5	5
1771835162	567	26478	45644	0	284020	33502	307200	144	0	1566	27	1566	27	0	2267	5	5
1771835164	569	26478	45644	0	284020	33502	307200	144	0	1566	27	1566	27	0	2275	5	5
1771835166	571	26465	45644	0	284020	33502	307200	144	0	1566	27	1566	27	0	2283	5	5
1771835168	573	26465	45644	0	284020	33502	307200	144	0	1566	27	1566	27	0	2291	5	5
1771835170	575	26478	45644	0	284020	33502	307200	144	0	1566	27	1566	27	0	2299	5	5
1771835172	577	26478	45644	0	284020	33502	307200	144	0	1566	27	1566	27	0	2307	5	5
1771835174	579	26478	45644	0	284020	33502	307200	144	0	1566	27	1566	27	0	2315	5	5
1771835176	581	26478	45644	0	284020	33502	307200	144	0	1566	27	1566	27	0	2323	5	5
1771835178	583	26478	45644	0	284020	33502	307200	144	0	1566	27	1566	27	0	2331	5	5
1771835180	584	26478	45644	0	284020	33502	307200	144	0	1566	27	1566	27	0	2338	5	5
1771835182	587	26478	45644	0	284020	33502	307200	144	0	1566	27	1566	27	0	2346	5	5
1771835184	589	26478	45644	0	284020	33502	307200	144	0	1566	27	1566	27	0	2354	5	5
1771835186	591	26478	45644	0	284020	33502	307200	144	0	1566	27	1566	27	0	2362	5	5
1771835188	593	26478	45644	0	284020	33502	307200	144	0	1566	27	1566	27	0	2370	5	5
1771835190	595	26478	45644	0	284020	33502	307200	144	0	1656	28	1656	28	0	2378	5	5
1771835192	597	26478	45644	0	284020	33502	307200	144	0	1656	28	1656	28	0	2387	5	5
1771835194	599	26478	45644	0	284020	33502	307200	144	0	1740	30	1740	30	0	2395	5	5
1771835196	601	26478	45644	0	284020	33502	307200	144	0	1740	30	1740	30	0	2403	5	5
1771835198	603	26478	45644	0	284020	33502	307200	144	0	1740	30	1740	30	0	2411	5	5
1771835200	605	26465	45644	0	284020	33502	307200	144	0	1740	30	1740	30	0	2419	5	5
1771835202	607	26478	45644	0	284020	33502	307200	144	0	1740	30	1740	30	0	2427	5	5
1771835204	608	26478	45644	0	284020	33502	307200	144	0	1740	30	1740	30	0	2434	5	5
1771835206	611	26478	45644	0	284020	33502	307200	144	0	1740	30	1740	30	0	2442	5	5
1771835208	613	26465	45644	0	284020	33502	307200	144	0	1740	30	1740	30	0	2450	5	5
1771835210	615	26465	45644	0	284020	33502	307200	144	0	1740	30	1740	30	0	2458	5	5
1771835212	617	26478	45644	0	284020	33502	307200	144	0	1740	30	1740	30	0	2466	5	5
1771835214	619	26478	45644	0	284020	33502	307200	144	0	1740	30	1740	30	0	2474	5	5
1771835216	621	26478	45644	0	284020	33502	307200	144	0	1740	30	1740	30	0	2482	5	5
1771835218	623	26478	45644	0	284020	33502	307200	144	0	1740	30	1740	30	0	2490	5	5
1771835220	625	26478	45644	0	284020	33502	307200	144	0	1740	30	1740	30	0	2499	5	5
1771835222	627	26478	45644	0	284020	33502	307200	144	0	1740	30	1740	30	0	2507	5	5
1771835224	629	26478	45644	0	284020	33502	307200	144	0	1740	30	1740	30	0	2515	5	5
1771835226	631	26478	45644	0	284020	33502	307200	144	0	1740	30	1740	30	0	2523	5	5
1771835228	633	26478	45644	0	284020	33502	307200	144	0	1740	30	1740	30	0	2531	5	5
1771835230	635	26478	45644	0	284020	33502	307200	144	0	1740	30	1740	30	0	2539	5	5
1771835232	637	26478	45644	0	284020	33502	307200	144	0	1740	30	1740	30	0	2547	5	5
1771835234	639	26478	45644	0	284020	33502	307200	144	0	1740	30	1740	30	0	2555	5	5
1771835236	640	26478	45644	0	284020	33502	307200	144	0	1740	30	1740	30	0	2562	5	5
1771835238	643	26478	45644	0	284020	33502	307200	144	0	1740	30	1740	30	0	2570	5	5
1771835240	645	26478	45644	0	284020	33502	307200	144	0	1740	30	1740	30	0	2578	5	5
1771835242	647	26478	45644	0	284020	33502	307200	144	0	1740	30	1740	30	0	2586	5	5
1771835244	649	26478	45644	0	284020	33502	307200	144	0	1740	30	1740	30	0	2594	5	5
1771835246	651	26478	45644	0	284020	33502	307200	144	0	1740	30	1740	30	0	2603	5	5
1771835248	653	26478	45644	0	284020	33502	307200	144	0	1740	30	1740	30	0	2611	5	5
1771835250	655	26478	45644	0	284020	33502	307200	144	0	1740	30	1740	30	0	2619	5	5
1771835252	657	26478	45644	0	284020	33502	307200	144	0	1740	30	1740	30	0	2627	5	5
1771835254	659	26478	45644	0	284020	33502	307200	144	0	1830	31	1830	31	0	2635	5	5
1771835256	661	26478	45644	0	284020	33502	307200	144	0	1830	31	1830	31	0	2643	5	5
1771835258	663	26478	45644	0	284020	33502	307200	144	0	1872	32	1872	32	0	2651	5	5
1771835260	665	26465	45644	0	284020	33502	307200	144	0	1914	33	1914	33	0	2659	5	5
1771835262	666	26478	45644	0	284020	33502	307200	144	0	1914	33	1914	33	0	2666	5	5
1771835264	669	26478	45644	0	284020	33502	307200	144	0	1914	33	1914	33	0	2674	5	5
1771835266	671	26478	45644	0	284020	33502	307200	144	0	1914	33	1914	33	0	2682	5	5
1771835268	673	26478	45644	0	284020	33502	307200	144	0	1914	33	1914	33	0	2690	5	5
1771835270	675	26478	45644	0	284020	33502	307200	144	0	1914	33	1914	33	0	2698	5	5
1771835272	677	26465	45644	0	284020	33502	307200	144	0	1914	33	1914	33	0	2706	5	5
1771835274	679	26478	45644	0	284020	33502	307200	144	0	1914	33	1914	33	0	2714	5	5
1771835276	681	26478	45644	0	284020	33502	307200	144	0	1914	33	1914	33	0	2722	5	5
1771835278	683	26478	45644	0	284020	33502	307200	144	0	1914	33	1914	33	0	2730	5	5
1771835280	685	26478	45644	0	284020	33502	307200	144	0	1914	33	1914	33	0	2738	5	5
1771835282	687	26478	45644	0	284020	33502	307200	144	0	1914	33	1914	33	0	2747	5	5
1771835284	689	26478	45644	0	284020	33502	307200	144	0	1914	33	1914	33	0	2755	5	5
1771835286	691	26478	45644	0	284020	33502	307200	144	0	1914	33	1914	33	0	2763	5	5
1771835288	693	26478	45644	0	284020	33502	307200	144	0	1914	33	1914	33	0	2771	5	5
1771835290	695	26478	45644	0	284020	33502	307200	144	0	1914	33	1914	33	0	2779	5	5
1771835292	697	26478	45644	0	284020	33502	307200	144	0	1914	33	1914	33	0	2787	5	5
1771835294	699	26478	45644	0	284020	33502	307200	144	0	1914	33	1914	33	0	2795	5	5
1771835296	700	26478	45644	0	284020	33502	307200	144	0	1914	33	1914	33	0	2802	5	5
1771835298	703	26478	45644	0	284020	33502	307200	144	0	1914	33	1914	33	0	2810	5	5
1771835300	705	26478	45644	0	284020	33502	307200	144	0	1914	33	1914	33	0	2818	5	5
1771835302	707	26478	45644	0	284020	33502	307200	144	0	1914	33	1914	33	0	2826	5	5
1771835304	709	26478	45644	0	284020	33502	307200	144	0	1914	33	1914	33	0	2834	5	5
1771835306	711	26478	45644	0	284020	33502	307200	144	0	1914	33	1914	33	0	2842	5	5
1771835308	713	26478	45644	0	284020	33502	307200	144	0	1914	33	1914	33	0	2850	5	5
1771835310	715	26478	45644	0	284020	33502	307200	144	0	1914	33	1914	33	0	2859	5	5
1771835312	717	26478	45644	0	284020	33502	307200	144	0	1914	33	1914	33	0	2867	5	5
1771835314	719	26478	45644	0	284020	33502	307200	144	0	1914	33	1914	33	0	2875	5	5
1771835316	721	26478	45644	0	284020	33502	307200	144	0	1914	33	1914	33	0	2883	5	5
1771835318	723	26478	45644	0	284020	33502	307200	144	0	2004	34	2004	34	0	2891	5	5
1771835320	725	26465	45644	0	284020	33502	307200	144	0	2004	34	2004	34	0	2899	5	5
1771835322	727	26478	45644	0	284020	33502	307200	144	0	2004	34	2004	34	0	2907	5	5
1771835324	729	26478	45644	0	284020	33502	307200	144	0	2088	36	2088	36	0	2915	5	5
1771835326	730	26478	45644	0	284020	33502	307200	144	0	2088	36	2088	36	0	2922	5	5
1771835328	733	26478	45644	0	284020	33502	307200	144	0	2088	36	2088	36	0	2930	5	5
1771835330	735	26478	45644	0	284020	33502	307200	144	0	2088	36	2088	36	0	2938	5	5
1771835332	737	26478	45644	0	284020	33502	307200	144	0	2088	36	2088	36	0	2946	5	5
1771835334	739	26465	45644	0	284020	33502	307200	144	0	2088	36	2088	36	0	2954	5	5
1771835336	741	26465	45644	0	284020	33502	307200	144	0	2088	36	2088	36	0	2962	5	5
1771835338	743	26478	45644	0	284020	33502	307200	144	0	2088	36	2088	36	0	2970	5	5
1771835340	745	26478	45644	0	284020	33502	307200	144	0	2088	36	2088	36	0	2978	5	5
1771835342	747	26478	45644	0	284020	33502	307200	144	0	2088	36	2088	36	0	2986	5	5
1771835344	749	26478	45644	0	284020	33502	307200	144	0	2088	36	2088	36	0	2994	5	5
1771835346	751	26478	45644	0	284020	33502	307200	144	0	2088	36	2088	36	0	3002	5	5
1771835348	753	26478	45644	0	284020	33502	307200	144	0	2088	36	2088	36	0	3011	5	5
1771835350	755	26478	45644	0	284020	33502	307200	144	0	2088	36	2088	36	0	3019	5	5
1771835352	757	26478	45644	0	284020	33502	307200	144	0	2088	36	2088	36	0	3027	5	5
1771835354	759	26478	45644	0	284020	33502	307200	144	0	2088	36	2088	36	0	3035	5	5
1771835356	760	26478	45644	0	284020	33502	307200	144	0	2088	36	2088	36	0	3042	5	5
1771835358	762	26478	45644	0	284020	33502	307200	144	0	2088	36	2088	36	0	3050	5	5
1771835360	765	26478	45644	0	284020	33502	307200	144	0	2088	36	2088	36	0	3058	5	5
1771835362	767	26478	45644	0	284020	33502	307200	144	0	2088	36	2088	36	0	3066	5	5
1771835364	769	26478	45644	0	284020	33502	307200	144	0	2088	36	2088	36	0	3074	5	5
1771835366	771	26478	45644	0	284020	33502	307200	144	0	2088	36	2088	36	0	3082	5	5
1771835368	773	26478	45644	0	284020	33502	307200	144	0	2088	36	2088	36	0	3091	5	5
1771835370	775	26478	45644	0	284020	33502	307200	144	0	2088	36	2088	36	0	3099	5	5
1771835372	777	26478	45644	0	284020	33502	307200	144	0	2088	36	2088	36	0	3107	5	5
1771835374	779	26478	45644	0	284020	33502	307200	144	0	2088	36	2088	36	0	3115	5	5
1771835376	781	26478	45644	0	284020	33502	307200	144	0	2088	36	2088	36	0	3123	5	5
1771835378	783	26478	45644	0	284020	33502	307200	144	0	2088	36	2088	36	0	3131	5	5
1771835380	785	26465	45644	0	284020	33502	307200	144	0	2088	36	2088	36	0	3139	5	5
1771835382	787	26478	45644	0	284020	33502	307200	144	0	2178	37	2178	37	0	3147	5	5
1771835384	789	26478	45644	0	284020	33502	307200	144	0	2178	37	2178	37	0	3155	5	5
1771835386	791	26478	45644	0	284020	33502	307200	144	0	2178	37	2178	37	0	3163	5	5
1771835388	792	26478	45644	0	284020	33502	307200	144	0	2262	39	2262	39	0	3170	5	5
1771835390	795	26478	45644	0	284020	33502	307200	144	0	2262	39	2262	39	0	3178	5	5
1771835392	797	26478	45644	0	284020	33502	307200	144	0	2262	39	2262	39	0	3186	5	5
1771835394	799	26478	45644	0	284020	33502	307200	144	0	2262	39	2262	39	0	3194	5	5
1771835396	801	26465	45644	0	284020	33502	307200	144	0	2262	39	2262	39	0	3202	5	5
1771835398	803	26465	45644	0	284020	33502	307200	144	0	2262	39	2262	39	0	3210	5	5
1771835400	805	26478	45644	0	284020	33502	307200	144	0	2262	39	2262	39	0	3218	5	5
1771835402	807	26478	45644	0	284020	33502	307200	144	0	2262	39	2262	39	0	3226	5	5
1771835404	809	26478	45644	0	284020	33502	307200	144	0	2262	39	2262	39	0	3235	5	5
1771835406	811	26478	45644	0	284020	33502	307200	144	0	2262	39	2262	39	0	3243	5	5
1771835408	813	26478	45644	0	284020	33502	307200	144	0	2262	39	2262	39	0	3251	5	5
1771835410	815	26478	45644	0	284020	33502	307200	144	0	2262	39	2262	39	0	3259	5	5
1771835412	817	26478	45644	0	284020	33502	307200	144	0	2262	39	2262	39	0	3267	5	5
1771835414	819	26478	45644	0	284020	33502	307200	144	0	2262	39	2262	39	0	3275	5	5
1771835416	821	26478	45644	0	284020	33502	307200	144	0	2262	39	2262	39	0	3283	5	5
1771835418	823	26478	45644	0	284020	33502	307200	144	0	2262	39	2262	39	0	3291	5	5
1771835420	824	26478	45644	0	284020	33502	307200	144	0	2262	39	2262	39	0	3298	5	5
1771835422	827	26478	45644	0	284020	33502	307200	144	0	2262	39	2262	39	0	3306	5	5
1771835424	829	26478	45644	0	284020	33502	307200	144	0	2262	39	2262	39	0	3314	5	5
1771835426	831	26478	45644	0	284020	33502	307200	144	0	2262	39	2262	39	0	3322	5	5
1771835428	833	26478	45644	0	284020	33502	307200	144	0	2262	39	2262	39	0	3330	5	5
1771835430	835	26478	45644	0	284020	33502	307200	144	0	2262	39	2262	39	0	3338	5	5
1771835432	837	26478	45644	0	284020	33502	307200	144	0	2262	39	2262	39	0	3346	5	5
1771835434	839	26478	45644	0	284020	33502	307200	144	0	2262	39	2262	39	0	3355	5	5
1771835436	841	26478	45644	0	284020	33502	307200	144	0	2262	39	2262	39	0	3363	5	5
1771835438	843	26478	45644	0	284020	33502	307200	144	0	2262	39	2262	39	0	3371	5	5
1771835440	845	26465	45644	0	284020	33502	307200	144	0	2262	39	2262	39	0	3379	5	5
1771835442	847	26478	45644	0	284020	33502	307200	144	0	2262	39	2262	39	0	3387	5	5
1771835444	849	26478	45644	0	284020	33502	307200	144	0	2262	39	2262	39	0	3395	5	5
1771835446	851	26478	45644	0	284020	33502	307200	144	0	2352	40	2352	40	0	3403	5	5
1771835448	853	26478	45644	0	284020	33502	307200	144	0	2352	40	2352	40	0	3411	5	5
1771835450	855	26478	45644	0	284020	33502	307200	144	0	2352	40	2352	40	0	3419	5	5
1771835452	857	26465	45644	0	284020	33502	307200	144	0	2436	42	2436	42	0	3427	5	5
1771835454	858	26478	45644	0	284020	33502	307200	144	0	2436	42	2436	42	0	3434	5	5
1771835456	860	26478	45644	0	284020	33502	307200	144	0	2436	42	2436	42	0	3442	5	5
1771835458	863	26465	45644	0	284020	33502	307200	144	0	2436	42	2436	42	0	3450	5	5
1771835460	865	26478	45644	0	284020	33502	307200	144	0	2436	42	2436	42	0	3458	5	5
1771835462	867	26478	45644	0	284020	33502	307200	144	0	2436	42	2436	42	0	3466	5	5
1771835464	869	26478	45644	0	284020	33502	307200	144	0	2436	42	2436	42	0	3474	5	5
1771835466	871	26478	45644	0	284020	33502	307200	144	0	2436	42	2436	42	0	3482	5	5
1771835468	873	26478	45644	0	284020	33502	307200	144	0	2436	42	2436	42	0	3490	5	5
1771835470	875	26478	45644	0	284020	33502	307200	144	0	2436	42	2436	42	0	3498	5	5
1771835472	877	26478	45644	0	284020	33502	307200	144	0	2436	42	2436	42	0	3507	5	5
1771835474	879	26478	45644	0	284020	33502	307200	144	0	2436	42	2436	42	0	3515	5	5
1771835476	881	26478	45644	0	284020	33502	307200	144	0	2436	42	2436	42	0	3523	5	5
1771835478	883	26478	45644	0	284020	33502	307200	144	0	2436	42	2436	42	0	3531	5	5
1771835480	885	26478	45644	0	284020	33502	307200	144	0	2526	43	2526	43	0	3539	5	5
1771835482	887	26478	45644	0	284020	33502	307200	144	0	2526	43	2526	43	0	3547	5	5
1771835484	888	26478	45644	0	284020	33502	307200	144	0	2568	44	2568	44	0	3554	5	5
1771835486	891	26478	45644	0	284020	33502	307200	144	0	2568	44	2568	44	0	3562	5	5
1771835488	893	26478	45644	0	284020	33502	307200	144	0	2568	44	2568	44	0	3570	5	5
1771835490	895	26478	45644	0	284020	33502	307200	144	0	2568	44	2568	44	0	3578	5	5
1771835492	897	26478	45644	0	284020	33502	307200	144	0	2568	44	2568	44	0	3586	5	5
1771835494	899	26478	45644	0	284020	33502	307200	144	0	2568	44	2568	44	0	3594	5	5
1771835496	901	26478	45644	0	284020	33502	307200	144	0	2568	44	2568	44	0	3602	5	5
1771835498	903	26478	45644	0	284020	33502	307200	144	0	2568	44	2568	44	0	3610	5	5
1771835500	905	26465	45644	0	284020	33502	307200	144	0	2568	44	2568	44	0	3618	5	5
1771835502	907	26478	45644	0	284020	33502	307200	144	0	2568	44	2568	44	0	3626	5	5
1771835504	909	26478	45644	0	284020	33502	307200	144	0	2568	44	2568	44	0	3634	5	5
1771835506	911	26478	45644	0	284020	33502	307200	144	0	2568	44	2568	44	0	3642	5	5
1771835508	913	26478	45644	0	284020	33502	307200	144	0	2568	44	2568	44	0	3650	5	5
1771835510	915	26478	45644	0	284020	33502	307200	144	0	2568	44	2568	44	0	3659	5	5
1771835512	916	26478	45644	0	284020	33502	307200	144	0	2658	45	2658	45	0	3666	5	5
1771835514	918	26478	45644	0	284020	33502	307200	144	0	2658	45	2658	45	0	3674	5	5
1771835516	921	26478	45644	0	284020	33502	307200	144	0	2742	47	2742	47	0	3682	5	5
1771835518	923	26478	45644	0	284020	33502	307200	144	0	2742	47	2742	47	0	3690	5	5
1771835520	925	26465	45644	0	284020	33502	307200	144	0	2742	47	2742	47	0	3698	5	5
1771835522	927	26465	45644	0	284020	33502	307200	144	0	2742	47	2742	47	0	3706	5	5
1771835524	929	26478	45644	0	284020	33502	307200	144	0	2742	47	2742	47	0	3715	5	5
1771835526	931	26478	45644	0	284020	33502	307200	144	0	2742	47	2742	47	0	3723	5	5
1771835528	933	26478	45644	0	284020	33502	307200	144	0	2742	47	2742	47	0	3731	5	5
1771835530	935	26478	45644	0	284020	33502	307200	144	0	2742	47	2742	47	0	3739	5	5
1771835532	937	26478	45644	0	284020	33502	307200	144	0	2742	47	2742	47	0	3747	5	5
1771835534	939	26478	45644	0	284020	33502	307200	144	0	2742	47	2742	47	0	3755	5	5
1771835536	941	26478	45644	0	284020	33502	307200	144	0	2742	47	2742	47	0	3763	5	5
1771835538	943	26478	45644	0	284020	33502	307200	144	0	2742	47	2742	47	0	3771	5	5
1771835540	945	26478	45644	0	284020	33502	307200	144	0	2742	47	2742	47	0	3779	5	5
1771835542	947	26478	45644	0	284020	33502	307200	144	0	2742	47	2742	47	0	3787	5	5
1771835544	948	26478	45644	0	284020	33502	307200	144	0	2742	47	2742	47	0	3794	5	5
1771835546	950	26478	45644	0	284020	33502	307200	144	0	2742	47	2742	47	0	3802	5	5
1771835548	953	26478	45644	0	284020	33502	307200	144	0	2742	47	2742	47	0	3810	5	5
1771835550	955	26478	45644	0	284020	33502	307200	144	0	2742	47	2742	47	0	3818	5	5
1771835552	957	26478	45644	0	284020	33502	307200	144	0	2742	47	2742	47	0	3826	5	5
1771835554	959	26478	45644	0	284020	33502	307200	144	0	2742	47	2742	47	0	3834	5	5
1771835556	961	26478	45644	0	284020	33502	307200	144	0	2742	47	2742	47	0	3842	5	5
1771835558	963	26478	45644	0	284020	33502	307200	144	0	2742	47	2742	47	0	3850	5	5
1771835560	965	26465	45644	0	284020	33502	307200	144	0	2742	47	2742	47	0	3859	5	5
1771835562	967	26478	45644	0	284020	33502	307200	144	0	2742	47	2742	47	0	3867	5	5
1771835564	969	26478	45644	0	284020	33502	307200	144	0	2742	47	2742	47	0	3875	5	5
1771835566	971	26478	45644	0	284020	33502	307200	144	0	2742	47	2742	47	0	3883	5	5
1771835568	973	26478	45644	0	284020	33502	307200	144	0	2742	47	2742	47	0	3891	5	5
1771835570	975	26478	45644	0	284020	33502	307200	144	0	2742	47	2742	47	0	3899	5	5
1771835572	977	26478	45644	0	284020	33502	307200	144	0	2742	47	2742	47	0	3907	5	5
1771835574	979	26478	45644	0	284020	33502	307200	144	0	2742	47	2742	47	0	3915	5	5
1771835576	981	26478	45644	0	284020	33502	307200	144	0	2832	48	2832	48	0	3923	5	5
1771835578	983	26478	45644	0	284020	33502	307200	144	0	2832	48	2832	48	0	3931	5	5
1771835580	985	26478	45644	0	284020	33502	307200	144	0	2874	49	2874	49	0	3938	5	5
1771835582	987	26465	45644	0	284020	33502	307200	144	0	2916	50	2916	50	0	3946	5	5
1771835584	989	26465	45644	0	284020	33502	307200	144	0	2916	50	2916	50	0	3954	5	5
1771835586	991	26478	45644	0	284020	33502	307200	144	0	2916	50	2916	50	0	3962	5	5
1771835588	993	26478	45644	0	284020	33502	307200	144	0	2916	50	2916	50	0	3970	5	5
1771835590	995	26478	45644	0	284020	33502	307200	144	0	2916	50	2916	50	0	3978	5	5
1771835592	997	26478	45644	0	284020	33502	307200	144	0	2916	50	2916	50	0	3986	5	5
1771835594	999	26478	45644	0	284020	33502	307200	144	0	2916	50	2916	50	0	3994	5	5
