Time	wtime	pss	rss	swap	vmem	rchar	read_bytes	wchar	write_bytes	rx_bytes	rx_packets	tx_bytes	tx_packets	stime	utime	nprocs	nthreads
1771837898	1	35332	45300	0	186768	34550	204800	134	0	0	0	0	0	0	0	3	3
1771837900	3	37481	47648	0	188816	34550	204800	134	0	0	0	0	0	0	1	3	3
1771837902	5	29094	39256	0	188816	34550	204800	134	0	0	0	0	0	1	3	3	3
1771837904	7	37486	47648	0	188816	34550	204800	134	0	0	0	0	0	1	5	3	3
1771837906	9	37486	47648	0	188816	34550	204800	134	0	0	0	0	0	2	6	3	3
1771837908	11	37486	47648	0	188816	34550	204800	134	0	0	0	0	0	2	8	3	3
1771837910	13	37486	47648	0	188816	34550	204800	134	0	0	0	0	0	2	9	3	3
1771837912	15	37486	47648	0	188816	34550	204800	134	0	0	0	0	0	3	11	3	3
1771837914	17	27642	37804	0	188816	34550	204800	134	0	0	0	0	0	3	12	3	3
1771837916	19	37486	47648	0	188816	34550	204800	134	0	0	0	0	0	4	14	3	3
1771837918	21	37486	47648	0	188816	34550	204800	134	0	0	0	90	1	4	16	3	3
1771837920	23	37486	47648	0	188816	34550	204800	134	0	90	1	90	1	5	17	3	3
1771837922	25	37486	47648	0	188816	34550	204800	134	0	90	1	90	1	5	18	3	3
1771837924	27	37486	47648	0	188816	34550	204800	134	0	174	3	174	3	5	20	3	3
1771837926	29	37486	47648	0	188816	34550	204800	134	0	174	3	174	3	6	22	3	3
1771837928	31	37486	47648	0	188816	34550	204800	134	0	174	3	174	3	6	23	3	3
1771837930	33	37486	47648	0	188816	34550	204800	134	0	174	3	174	3	7	25	3	3
1771837932	35	23718	33880	0	188816	34550	204800	134	0	174	3	174	3	7	26	3	3
1771837934	37	31342	41504	0	188816	34550	204800	134	0	174	3	174	3	8	28	3	3
1771837936	39	23500	33672	0	188816	34550	204800	134	0	174	3	174	3	8	29	3	3
1771837938	41	37476	47648	0	188816	34550	204800	134	0	174	3	174	3	8	31	3	3
1771837940	43	37486	47648	0	188816	34550	204800	134	0	174	3	174	3	9	33	3	3
1771837942	45	37486	47648	0	188816	34550	204800	134	0	174	3	174	3	9	34	3	3
1771837944	47	21926	32088	0	188816	34550	204800	134	0	174	3	174	3	10	36	3	3
1771837946	49	29294	39456	0	188816	34550	204800	134	0	174	3	174	3	10	37	3	3
1771837948	51	35438	45600	0	188816	34550	204800	134	0	174	3	174	3	11	39	3	3
1771837950	53	37486	47648	0	188816	34550	204800	134	0	174	3	174	3	11	41	3	3
1771837952	55	37486	47648	0	188816	34550	204800	134	0	264	4	264	4	12	42	3	3
1771837954	57	35162	45324	2324	188816	34550	204800	134	0	264	4	264	4	12	44	3	3
1771837956	58	37486	47648	0	188816	34550	204800	134	0	306	5	306	5	12	45	3	3
1771837958	60	37486	47648	0	188816	34550	204800	134	0	306	5	306	5	13	47	3	3
1771837960	63	27004	37176	0	188816	34550	204800	134	0	306	5	306	5	13	48	3	3
1771837962	65	37486	47648	0	188816	34550	204800	134	0	306	5	306	5	14	50	3	3
1771837964	67	28750	38912	8736	188816	34550	204800	134	0	306	5	306	5	14	51	3	3
1771837966	69	37486	47648	0	188816	34550	204800	134	0	306	5	306	5	15	53	3	3
1771837968	71	37486	47648	0	188816	34550	204800	134	0	306	5	306	5	15	54	3	3
1771837970	73	34362	44524	0	188816	34550	204800	134	0	306	5	306	5	16	56	3	3
1771837972	75	37486	47648	0	188816	34550	204800	134	0	306	5	306	5	16	58	3	3
1771837974	77	37486	47648	0	188816	34550	204800	134	0	306	5	306	5	16	59	3	3
1771837976	79	21370	31532	0	188816	34550	204800	134	0	306	5	306	5	17	61	3	3
1771837978	81	21092	31264	0	172432	34550	204800	134	0	306	5	306	5	17	62	3	3
1771837980	83	37476	47648	0	188816	34550	204800	134	0	306	5	306	5	18	64	3	3
1771837982	85	23246	33408	0	188816	34550	204800	134	0	306	5	306	5	18	65	3	3
1771837984	87	37486	47648	0	188816	34550	204800	134	0	396	6	396	6	19	67	3	3
1771837986	89	37486	47648	0	188816	34550	204800	134	0	396	6	396	6	19	68	3	3
1771837988	91	37486	47648	0	188816	34550	204800	134	0	438	7	438	7	20	70	3	3
1771837990	93	37486	47648	0	188816	34550	204800	134	0	438	7	438	7	20	71	3	3
1771837992	95	37486	47648	0	188816	34550	204800	134	0	438	7	438	7	21	73	3	3
1771837994	97	37486	47648	0	188816	34550	204800	134	0	438	7	438	7	21	74	3	3
1771837996	99	37486	47648	0	188816	34550	204800	134	0	438	7	438	7	21	76	3	3
1771837998	101	37486	47648	0	188816	34550	204800	134	0	438	7	438	7	22	78	3	3
1771838000	103	37486	47648	0	188816	34550	204800	134	0	438	7	438	7	22	79	3	3
1771838002	105	37486	47648	0	188816	34550	204800	134	0	438	7	438	7	23	81	3	3
1771838004	106	37486	47648	0	188816	34550	204800	134	0	438	7	438	7	23	82	3	3
1771838006	108	37486	47648	0	188816	34550	204800	134	0	438	7	438	7	24	84	3	3
1771838008	110	37486	47648	0	188816	34550	204800	134	0	438	7	438	7	24	85	3	3
1771838010	113	37486	47648	0	188816	34550	204800	134	0	438	7	438	7	25	87	3	3
1771838012	115	37486	47648	0	188816	34550	204800	134	0	438	7	438	7	25	88	3	3
1771838014	117	37486	47648	0	188816	34550	204800	134	0	438	7	438	7	26	90	3	3
1771838016	119	37486	47648	0	188816	34550	204800	134	0	528	8	528	8	26	91	3	3
1771838018	121	37476	47648	0	188816	34550	204800	134	0	528	8	528	8	27	93	3	3
1771838020	123	35128	45300	0	188816	34550	204800	134	0	570	9	570	9	27	94	3	3
1771838022	125	35438	45600	0	188816	34550	204800	134	0	570	9	570	9	27	96	3	3
1771838024	127	37486	47648	0	188816	34550	204800	134	0	570	9	570	9	28	98	3	3
1771838026	129	37486	47648	0	188816	34550	204800	134	0	570	9	570	9	28	99	3	3
1771838028	131	37486	47648	0	188816	34550	204800	134	0	570	9	570	9	29	101	3	3
1771838030	133	27246	37408	0	188816	34550	204800	134	0	570	9	570	9	29	102	3	3
1771838032	135	37486	47648	0	188816	34550	204800	134	0	570	9	570	9	30	104	3	3
1771838034	137	37486	47648	0	188816	34550	204800	134	0	570	9	570	9	30	106	3	3
1771838036	138	28306	38468	0	188816	34550	204800	134	0	570	9	570	9	30	107	3	3
1771838038	140	37486	47648	0	188816	34550	204800	134	0	570	9	570	9	31	108	3	3
1771838040	143	37486	47648	0	188816	34550	204800	134	0	570	9	570	9	31	110	3	3
1771838042	145	21102	31264	0	188816	34550	204800	134	0	570	9	570	9	32	112	3	3
1771838044	147	37486	47648	0	188816	34550	204800	134	0	570	9	570	9	32	113	3	3
1771838046	149	35914	46076	0	188816	34550	204800	134	0	570	9	570	9	33	115	3	3
1771838048	151	24294	34456	0	188816	34550	204800	134	0	660	10	660	10	33	116	3	3
1771838050	153	37486	47648	0	188816	34550	204800	134	0	660	10	660	10	33	118	3	3
1771838052	155	37459	47648	0	188816	34550	204800	134	0	660	10	660	10	34	119	3	3
1771838054	157	37459	47648	0	188816	34550	204800	134	0	702	11	702	11	34	121	3	3
1771838056	159	37478	47648	0	188816	34550	204800	134	0	702	11	702	11	35	123	3	3
1771838058	161	37478	47648	0	188816	34550	204800	134	0	702	11	702	11	35	124	3	3
1771838060	163	37467	47648	0	188816	34550	204800	134	0	702	11	702	11	36	126	3	3
1771838062	165	37467	47648	0	188816	34550	204800	134	0	702	11	702	11	36	127	3	3
1771838064	167	35738	45908	0	188816	34550	204800	134	0	702	11	702	11	37	129	3	3
1771838066	169	37478	47648	0	188816	34550	204800	134	0	702	11	702	11	37	130	3	3
1771838068	171	37478	47648	0	188816	34550	204800	134	0	702	11	702	11	38	132	3	3
1771838070	173	32614	42784	0	188816	34550	204800	134	0	702	11	702	11	38	134	3	3
1771838072	175	31710	41880	0	188816	34550	204800	134	0	702	11	702	11	38	135	3	3
1771838074	177	37478	47648	0	188816	34550	204800	134	0	702	11	702	11	39	137	3	3
1771838076	179	37478	47648	0	188816	34550	204800	134	0	702	11	702	11	39	138	3	3
1771838078	181	37478	47648	0	188816	34550	204800	134	0	702	11	702	11	40	140	3	3
1771838080	183	37467	47648	0	188816	34550	204800	134	0	792	12	792	12	40	141	3	3
1771838082	185	29970	40140	0	188816	34550	204800	134	0	792	12	792	12	40	143	3	3
1771838084	187	37478	47648	0	188816	34550	204800	134	0	792	12	792	12	41	144	3	3
1771838086	189	37478	47648	0	188816	34550	204800	134	0	834	13	834	13	41	146	3	3
1771838088	191	37478	47648	0	188816	34550	204800	134	0	834	13	834	13	42	147	3	3
1771838090	193	26858	37028	0	188816	34550	204800	134	0	834	13	834	13	42	149	3	3
1771838092	195	21094	31264	0	172432	34550	204800	134	0	834	13	834	13	43	151	3	3
1771838094	197	37478	47648	0	188816	34550	204800	134	0	834	13	834	13	43	152	3	3
1771838096	199	37478	47648	0	188816	34550	204800	134	0	834	13	834	13	44	154	3	3
1771838098	201	37478	47648	0	188816	34550	204800	134	0	834	13	834	13	44	155	3	3
1771838100	203	37478	47648	0	188816	34550	204800	134	0	834	13	834	13	44	157	3	3
1771838102	205	37478	47648	0	188816	34550	204800	134	0	834	13	834	13	45	158	3	3
1771838104	207	37478	47648	0	188816	34550	204800	134	0	834	13	834	13	45	160	3	3
1771838106	209	37478	47648	0	188816	34550	204800	134	0	834	13	834	13	46	161	3	3
1771838108	211	37467	47648	0	188816	34550	204800	134	0	834	13	834	13	46	163	3	3
1771838110	213	21083	31264	0	188816	34550	204800	134	0	834	13	834	13	47	164	3	3
1771838112	215	37478	47648	0	188816	34550	204800	134	0	924	14	924	14	47	166	3	3
1771838114	217	28262	38432	0	188816	34550	204800	134	0	924	14	924	14	48	168	3	3
1771838116	219	37478	47648	0	188816	34550	204800	134	0	924	14	924	14	48	169	3	3
1771838118	221	37478	47648	0	188816	34550	204800	134	0	966	15	966	15	49	171	3	3
1771838120	223	37478	47648	0	188816	34550	204800	134	0	966	15	966	15	49	172	3	3
1771838122	224	27722	37892	0	188816	34550	204800	134	0	966	15	966	15	50	174	3	3
1771838124	226	37478	47648	0	188816	34550	204800	134	0	966	15	966	15	50	175	3	3
1771838126	229	26310	36480	0	188816	34550	204800	134	0	966	15	966	15	50	177	3	3
1771838128	231	37478	47648	0	188816	34550	204800	134	0	966	15	966	15	51	178	3	3
1771838130	233	37478	47648	0	188816	34550	204800	134	0	966	15	966	15	51	180	3	3
1771838132	235	23858	34028	0	188816	34550	204800	134	0	966	15	966	15	52	182	3	3
1771838134	237	33894	44064	0	188816	34550	204800	134	0	966	15	966	15	52	183	3	3
1771838136	239	37478	47648	0	188816	34550	204800	134	0	966	15	966	15	53	185	3	3
1771838138	241	37478	47648	0	188816	34550	204800	134	0	966	15	966	15	53	186	3	3
1771838140	243	32063	42244	0	188816	34550	204800	134	0	966	15	966	15	53	188	3	3
1771838142	245	37478	47648	0	188816	34550	204800	134	0	966	15	966	15	54	189	3	3
1771838144	247	37478	47648	0	188816	34550	204800	134	0	1056	16	1056	16	54	191	3	3
1771838146	249	37202	47372	0	188816	34550	204800	134	0	1056	16	1056	16	55	192	3	3
1771838148	251	37478	47648	0	188816	34550	204800	134	0	1056	16	1056	16	55	194	3	3
1771838150	253	34418	44588	0	188816	34550	204800	134	0	1098	17	1098	17	56	195	3	3
1771838152	255	37478	47648	0	188816	34550	204800	134	0	1098	17	1098	17	56	197	3	3
1771838154	257	37478	47648	0	188816	34550	204800	134	0	1098	17	1098	17	57	199	3	3
1771838156	259	37467	47648	0	188816	34550	204800	134	0	1098	17	1098	17	57	200	3	3
1771838158	261	37478	47648	0	188816	34550	204800	134	0	1098	17	1098	17	58	202	3	3
1771838160	262	37478	47648	0	188816	34550	204800	134	0	1098	17	1098	17	58	203	3	3
1771838162	265	37478	47648	0	188816	34550	204800	134	0	1098	17	1098	17	58	205	3	3
1771838164	267	37478	47648	0	188816	34550	204800	134	0	1098	17	1098	17	59	206	3	3
1771838166	269	35174	45344	0	188816	34550	204800	134	0	1098	17	1098	17	59	208	3	3
1771838168	271	27126	37296	10352	188816	34550	204800	134	0	1098	17	1098	17	60	209	3	3
1771838170	273	37478	47648	0	188816	34550	204800	134	0	1098	17	1098	17	60	211	3	3
1771838172	275	35070	45240	0	188816	34550	204800	134	0	1098	17	1098	17	61	212	3	3
1771838174	277	36686	46856	0	188816	34550	204800	134	0	1098	17	1098	17	61	214	3	3
1771838176	279	37478	47648	0	188816	34550	204800	134	0	1098	17	1098	17	62	215	3	3
1771838178	281	37478	47648	0	188816	34550	204800	134	0	1188	18	1188	18	62	217	3	3
1771838180	283	37478	47648	0	188816	34550	204800	134	0	1188	18	1188	18	63	219	3	3
1771838182	285	37478	47648	0	188816	34550	204800	134	0	1230	19	1230	19	63	220	3	3
1771838184	287	34462	44632	0	188816	34550	204800	134	0	1230	19	1230	19	64	222	3	3
1771838186	289	37478	47648	0	188816	34550	204800	134	0	1230	19	1230	19	64	223	3	3
1771838188	291	37478	47648	0	188816	34550	204800	134	0	1230	19	1230	19	65	225	3	3
1771838190	293	37478	47648	0	188816	34550	204800	134	0	1230	19	1230	19	65	226	3	3
1771838192	295	27242	37412	10236	188816	34550	204800	134	0	1230	19	1230	19	65	228	3	3
1771838194	297	37478	47648	0	188816	34550	204800	134	0	1230	19	1230	19	66	229	3	3
1771838196	299	37478	47648	0	188816	34550	204800	134	0	1230	19	1230	19	66	231	3	3
1771838198	301	37478	47648	0	188816	34550	204800	134	0	1230	19	1230	19	67	233	3	3
1771838200	303	37467	47648	0	188816	34550	204800	134	0	1230	19	1230	19	67	234	3	3
1771838202	305	24922	35092	0	188816	34550	204800	134	0	1230	19	1230	19	68	236	3	3
1771838204	306	37478	47648	0	188816	34550	204800	134	0	1230	19	1230	19	68	237	3	3
1771838206	309	37478	47648	0	188816	34550	204800	134	0	1230	19	1230	19	68	239	3	3
1771838208	311	37478	47648	0	188816	34550	204800	134	0	1230	19	1230	19	69	240	3	3
1771838210	313	23154	33324	0	188816	34550	204800	134	0	1320	20	1320	20	69	242	3	3
1771838212	315	37478	47648	0	188816	34550	204800	134	0	1320	20	1320	20	70	243	3	3
1771838214	317	37478	47648	0	188816	34550	204800	134	0	1362	21	1362	21	70	245	3	3
1771838216	319	25190	35360	0	188816	34550	204800	134	0	1362	21	1362	21	70	247	3	3
1771838218	321	26514	36684	0	188816	34550	204800	134	0	1362	21	1362	21	71	248	3	3
1771838220	322	37478	47648	0	188816	34550	204800	134	0	1362	21	1362	21	71	250	3	3
1771838222	324	37478	47648	0	188816	34550	204800	134	0	1362	21	1362	21	72	251	3	3
1771838224	326	37478	47648	0	188816	34550	204800	134	0	1362	21	1362	21	72	253	3	3
1771838226	329	37478	47648	0	188816	34550	204800	134	0	1362	21	1362	21	73	254	3	3
1771838228	331	36490	46660	0	188816	34550	204800	134	0	1362	21	1362	21	73	256	3	3
1771838230	333	37478	47648	0	188816	34550	204800	134	0	1362	21	1362	21	74	257	3	3
1771838232	335	32354	42524	0	188816	34550	204800	134	0	1362	21	1362	21	74	259	3	3
1771838234	337	37478	47648	0	188816	34550	204800	134	0	1362	21	1362	21	75	261	3	3
1771838236	339	37478	47648	0	188816	34550	204800	134	0	1362	21	1362	21	75	262	3	3
1771838238	341	37478	47648	0	188816	34550	204800	134	0	1362	21	1362	21	75	264	3	3
1771838240	343	21094	31264	0	172432	34550	204800	134	0	1362	21	1362	21	76	265	3	3
1771838242	345	37478	47648	0	188816	34550	204800	134	0	1452	22	1452	22	76	267	3	3
1771838244	347	26554	36724	0	188816	34550	204800	134	0	1452	22	1452	22	77	268	3	3
1771838246	349	37467	47648	0	188816	34550	204800	134	0	1494	23	1494	23	77	270	3	3
1771838248	351	30491	40672	6976	188816	34550	204800	134	0	1494	23	1494	23	78	271	3	3
1771838250	353	37478	47648	0	188816	34550	204800	134	0	1494	23	1494	23	78	273	3	3
1771838252	355	37478	47648	0	188816	34550	204800	134	0	1494	23	1494	23	79	275	3	3
1771838254	357	29454	39624	0	188816	34550	204800	134	0	1494	23	1494	23	79	276	3	3
1771838256	359	23202	33372	0	188816	34550	204800	134	0	1494	23	1494	23	80	278	3	3
1771838258	361	30846	41016	0	188816	34550	204800	134	0	1494	23	1494	23	80	279	3	3
1771838260	363	37474	47648	0	188816	34550	204800	134	0	1494	23	1494	23	80	281	3	3
1771838262	365	37478	47648	0	188816	34550	204800	134	0	1494	23	1494	23	81	282	3	3
1771838264	367	34914	45084	0	188816	34550	204800	134	0	1494	23	1494	23	81	284	3	3
1771838266	369	37478	47648	0	188816	34550	204800	134	0	1494	23	1494	23	82	286	3	3
1771838268	371	37478	47648	0	188816	34550	204800	134	0	1494	23	1494	23	82	287	3	3
1771838270	373	35262	45432	0	188816	34550	204800	134	0	1494	23	1494	23	83	289	3	3
1771838272	375	30702	40872	0	188816	34550	204800	134	0	1494	23	1494	23	83	290	3	3
1771838274	377	28898	39068	0	188816	34550	204800	134	0	1584	24	1584	24	83	292	3	3
1771838276	379	33814	43984	0	188816	34550	204800	134	0	1584	24	1584	24	84	293	3	3
1771838278	381	37478	47648	0	188816	34550	204800	134	0	1584	24	1584	24	84	295	3	3
1771838280	383	26474	36644	0	188816	34550	204800	134	0	1626	25	1626	25	85	296	3	3
1771838282	385	37478	47648	0	188816	34550	204800	134	0	1626	25	1626	25	85	298	3	3
1771838284	387	37478	47648	0	188816	34550	204800	134	0	1626	25	1626	25	86	299	3	3
1771838286	389	37478	47648	0	188816	34550	204800	134	0	1626	25	1626	25	86	301	3	3
1771838288	391	21982	32152	0	188816	34550	204800	134	0	1626	25	1626	25	86	303	3	3
1771838290	393	37478	47648	0	188816	34550	204800	134	0	1626	25	1626	25	87	304	3	3
1771838292	395	37478	47648	0	188816	34550	204800	134	0	1626	25	1626	25	87	306	3	3
1771838294	397	24347	34528	0	188816	34550	204800	134	0	1626	25	1626	25	88	307	3	3
1771838296	399	37467	47648	0	188816	34550	204800	134	0	1626	25	1626	25	88	309	3	3
1771838298	401	36134	46304	0	188816	34550	204800	134	0	1626	25	1626	25	89	310	3	3
1771838300	403	37478	47648	0	188816	34550	204800	134	0	1626	25	1626	25	89	312	3	3
1771838302	405	37478	47648	0	188816	34550	204800	134	0	1626	25	1626	25	90	314	3	3
1771838304	407	29314	39484	0	188816	34550	204800	134	0	1626	25	1626	25	90	315	3	3
1771838306	409	37478	47648	0	188816	34550	204800	134	0	1716	26	1716	26	90	317	3	3
1771838308	411	37478	47648	0	188816	34550	204800	134	0	1716	26	1716	26	91	318	3	3
1771838310	413	37478	47648	0	188816	34550	204800	134	0	1716	26	1716	26	91	320	3	3
1771838312	415	37478	47648	0	188816	34550	204800	134	0	1758	27	1758	27	92	321	3	3
1771838314	417	37478	47648	0	188816	34550	204800	134	0	1758	27	1758	27	92	323	3	3
1771838316	419	37478	47648	0	188816	34550	204800	134	0	1758	27	1758	27	93	324	3	3
1771838318	421	37478	47648	0	188816	34550	204800	134	0	1758	27	1758	27	93	326	3	3
1771838320	423	24531	34712	0	188816	34550	204800	134	0	1758	27	1758	27	94	327	3	3
1771838322	425	25999	36180	0	188816	34550	204800	134	0	1758	27	1758	27	94	329	3	3
1771838324	427	37478	47648	0	188816	34550	204800	134	0	1758	27	1758	27	94	330	3	3
1771838326	429	21094	31264	0	188816	34550	204800	134	0	1758	27	1758	27	95	332	3	3
1771838328	431	37478	47648	0	188816	34550	204800	134	0	1758	27	1758	27	95	333	3	3
1771838330	433	27710	37880	0	188816	34550	204800	134	0	1758	27	1758	27	96	335	3	3
1771838332	435	37478	47648	0	188816	34550	204800	134	0	1758	27	1758	27	96	337	3	3
1771838334	437	37478	47648	0	188816	34550	204800	134	0	1758	27	1758	27	97	338	3	3
1771838336	439	34062	44232	3416	188816	34550	204800	134	0	1758	27	1758	27	97	340	3	3
1771838338	441	37478	47648	0	188816	34550	204800	134	0	1848	28	1848	28	98	341	3	3
1771838340	443	29879	40060	0	188816	34550	204800	134	0	1848	28	1848	28	98	343	3	3
1771838342	445	32891	43072	0	188816	34550	204800	134	0	1848	28	1848	28	99	344	3	3
1771838344	447	21590	31760	0	188816	34550	204800	134	0	1890	29	1890	29	99	346	3	3
1771838346	449	37478	47648	0	188816	34550	204800	134	0	1890	29	1890	29	99	348	3	3
1771838348	451	37478	47648	0	188816	34550	204800	134	0	1890	29	1890	29	100	349	3	3
1771838350	453	37478	47648	0	188816	34550	204800	134	0	1890	29	1890	29	100	351	3	3
1771838352	454	37478	47648	0	188816	34550	204800	134	0	1890	29	1890	29	101	352	3	3
1771838354	456	33382	43552	0	188816	34550	204800	134	0	1890	29	1890	29	101	354	3	3
1771838356	459	37478	47648	0	188816	34550	204800	134	0	1890	29	1890	29	102	355	3	3
1771838358	461	30266	40436	0	188816	34550	204800	134	0	1890	29	1890	29	102	357	3	3
1771838360	463	29358	39528	0	188816	34550	204800	134	0	1890	29	1890	29	102	358	3	3
1771838362	465	22678	32848	0	188816	34550	204800	134	0	1890	29	1890	29	103	360	3	3
1771838364	467	23994	34164	0	188816	34550	204800	134	0	1890	29	1890	29	103	362	3	3
1771838366	469	37478	47648	0	188816	34550	204800	134	0	1890	29	1890	29	104	363	3	3
1771838368	471	37478	47648	0	188816	34550	204800	134	0	1890	29	1890	29	104	365	3	3
1771838370	473	37478	47648	0	188816	34550	204800	134	0	1980	30	1980	30	105	366	3	3
1771838372	475	33890	44060	0	188816	34550	204800	134	0	1980	30	1980	30	105	368	3	3
1771838374	477	37478	47648	0	188816	34550	204800	134	0	1980	30	1980	30	106	369	3	3
1771838376	479	23806	33976	0	188816	34550	204800	134	0	2022	31	2022	31	106	371	3	3
1771838378	481	37478	47648	0	188816	34550	204800	134	0	2022	31	2022	31	106	372	3	3
1771838380	482	37467	47648	0	188816	34550	204800	134	0	2022	31	2022	31	107	374	3	3
1771838382	485	37467	47648	0	188816	34550	204800	134	0	2022	31	2022	31	107	375	3	3
1771838384	487	37478	47648	0	188816	34550	204800	134	0	2022	31	2022	31	108	377	3	3
1771838386	489	23134	33308	0	188816	34550	204800	134	0	2022	31	2022	31	108	379	3	3
1771838388	491	37474	47648	0	188816	34550	204800	134	0	2022	31	2022	31	109	380	3	3
1771838390	493	21094	31264	0	172432	34550	204800	134	0	2022	31	2022	31	109	382	3	3
1771838392	495	37478	47648	0	188816	34550	204800	134	0	2022	31	2022	31	110	383	3	3
1771838394	497	37478	47648	0	188816	34550	204800	134	0	2022	31	2022	31	110	385	3	3
1771838396	499	27526	37696	9952	188816	34550	204800	134	0	2022	31	2022	31	111	386	3	3
1771838398	501	26514	36684	0	188816	34550	204800	134	0	2022	31	2022	31	111	388	3	3
1771838400	503	35554	45724	0	188816	34550	204800	134	0	2022	31	2022	31	112	389	3	3
1771838402	505	32606	42776	4872	188816	34550	204800	134	0	2022	31	2112	32	112	391	3	3
1771838404	507	37478	47648	0	188816	34550	204800	134	0	2112	32	2112	32	112	392	3	3
1771838406	509	24310	34480	0	188816	34550	204800	134	0	2112	32	2112	32	113	394	3	3
1771838408	510	37478	47648	0	188816	34550	204800	134	0	2154	33	2154	33	113	395	3	3
1771838410	513	37478	47648	0	188816	34550	204800	134	0	2154	33	2154	33	114	397	3	3
1771838412	515	37478	47648	0	188816	34550	204800	134	0	2154	33	2154	33	114	399	3	3
1771838414	517	27266	37436	0	188816	34550	204800	134	0	2154	33	2154	33	115	400	3	3
1771838416	519	37478	47648	0	188816	34550	204800	134	0	2154	33	2154	33	115	402	3	3
1771838418	521	37478	47648	0	188816	34550	204800	134	0	2154	33	2154	33	116	403	3	3
1771838420	523	37478	47648	0	188816	34550	204800	134	0	2154	33	2154	33	116	405	3	3
1771838422	525	37478	47648	0	188816	34550	204800	134	0	2154	33	2154	33	116	406	3	3
1771838424	527	21094	31264	0	172432	34550	204800	134	0	2154	33	2154	33	117	408	3	3
1771838426	529	37478	47648	0	188816	34550	204800	134	0	2154	33	2154	33	117	409	3	3
1771838428	531	37478	47648	0	188816	34550	204800	134	0	2154	33	2154	33	118	411	3	3
1771838430	533	24439	34620	0	188816	34550	204800	134	0	2154	33	2154	33	118	413	3	3
1771838432	535	29619	39800	0	188816	34550	204800	134	0	2154	33	2154	33	119	414	3	3
1771838434	537	37478	47648	0	188816	34550	204800	134	0	2154	33	2154	33	119	416	3	3
1771838436	539	37478	47648	0	188816	34550	204800	134	0	2244	34	2244	34	120	417	3	3
1771838438	541	35842	46012	0	188816	34550	204800	134	0	2244	34	2244	34	120	419	3	3
1771838440	542	33903	44084	0	188816	34550	204800	134	0	2286	35	2286	35	120	420	3	3
1771838442	545	37478	47648	0	188816	34550	204800	134	0	2286	35	2286	35	121	422	3	3
1771838444	547	37478	47648	0	188816	34550	204800	134	0	2286	35	2286	35	121	423	3	3
1771838446	549	23246	33416	0	188816	34550	204800	134	0	2286	35	2286	35	122	425	3	3
1771838448	551	37478	47648	0	188816	34550	204800	134	0	2286	35	2286	35	122	426	3	3
1771838450	553	37478	47648	0	188816	34550	204800	134	0	2286	35	2286	35	123	428	3	3
1771838452	555	37478	47648	0	188816	34550	204800	134	0	2286	35	2286	35	123	429	3	3
1771838454	557	37478	47648	0	188816	34550	204800	134	0	2286	35	2286	35	124	431	3	3
1771838456	559	29262	39432	0	188816	34550	204800	134	0	2286	35	2286	35	124	432	3	3
1771838458	561	37478	47648	0	188816	34550	204800	134	0	2286	35	2286	35	125	434	3	3
1771838460	563	31290	41460	0	188816	34550	204800	134	0	2286	35	2286	35	125	436	3	3
1771838462	565	37478	47648	0	188816	34550	204800	134	0	2286	35	2286	35	125	437	3	3
1771838464	567	29522	39692	0	188816	34550	204800	134	0	2286	35	2286	35	126	439	3	3
1771838466	569	33806	43976	0	188816	34550	204800	134	0	2286	35	2286	35	126	440	3	3
1771838468	571	37478	47648	0	188816	34550	204800	134	0	2376	36	2376	36	127	442	3	3
1771838470	573	37478	47648	0	188816	34550	204800	134	0	2376	36	2376	36	127	444	3	3
1771838472	575	27314	37484	10164	188816	34550	204800	134	0	2418	37	2418	37	128	445	3	3
1771838474	577	37478	47648	0	188816	34550	204800	134	0	2418	37	2418	37	128	447	3	3
1771838476	579	37478	47648	0	188816	34550	204800	134	0	2418	37	2418	37	128	448	3	3
1771838478	581	37467	47648	0	188816	34550	204800	134	0	2418	37	2418	37	129	450	3	3
1771838480	583	37478	47648	0	188816	34550	204800	134	0	2418	37	2418	37	129	451	3	3
1771838482	585	37478	47648	0	188816	34550	204800	134	0	2418	37	2418	37	130	453	3	3
1771838484	587	37478	47648	0	188816	34550	204800	134	0	2418	37	2418	37	130	454	3	3
1771838486	589	37478	47648	0	188816	34550	204800	134	0	2418	37	2418	37	131	456	3	3
1771838488	591	37478	47648	0	188816	34550	204800	134	0	2418	37	2418	37	131	458	3	3
1771838490	593	37478	47648	0	188816	34550	204800	134	0	2418	37	2418	37	132	459	3	3
1771838492	595	32774	42944	0	188816	34550	204800	134	0	2418	37	2418	37	132	461	3	3
1771838494	597	37478	47648	0	188816	34550	204800	134	0	2418	37	2418	37	133	462	3	3
1771838496	599	27094	37264	0	188816	34550	204800	134	0	2418	37	2418	37	133	464	3	3
1771838498	601	37478	47648	0	188816	34550	204800	134	0	2418	37	2418	37	134	465	3	3
1771838500	603	37467	47648	0	188816	34550	204800	134	0	2508	38	2508	38	134	467	3	3
1771838502	605	37478	47648	0	188816	34550	204800	134	0	2508	38	2508	38	135	468	3	3
1771838504	607	37478	47648	0	188816	34550	204800	134	0	2550	39	2550	39	135	470	3	3
1771838506	608	37478	47648	0	188816	34550	204800	134	0	2550	39	2550	39	135	471	3	3
1771838508	611	37478	47648	0	188816	34550	204800	134	0	2550	39	2550	39	136	473	3	3
1771838510	613	37478	47648	0	188816	34550	204800	134	0	2550	39	2550	39	136	474	3	3
1771838512	615	37478	47648	0	188816	34550	204800	134	0	2550	39	2550	39	137	476	3	3
1771838514	617	33238	43408	0	188816	34550	204800	134	0	2550	39	2550	39	137	477	3	3
1771838516	619	21094	31264	0	172432	34550	204800	134	0	2550	39	2550	39	138	479	3	3
1771838518	621	37478	47648	0	188816	34550	204800	134	0	2550	39	2550	39	138	480	3	3
1771838520	623	37474	47648	0	188816	34550	204800	134	0	2550	39	2550	39	138	482	3	3
1771838522	625	37478	47648	0	188816	34550	204800	134	0	2550	39	2550	39	139	484	3	3
1771838524	627	37478	47648	0	188816	34550	204800	134	0	2550	39	2550	39	139	485	3	3
1771838526	629	37478	47648	0	188816	34550	204800	134	0	2550	39	2550	39	140	487	3	3
1771838528	631	37478	47648	0	188816	34550	204800	134	0	2550	39	2550	39	140	488	3	3
1771838530	633	37262	47432	0	188816	34550	204800	134	0	2550	39	2550	39	141	490	3	3
1771838532	635	27098	37268	0	188816	34550	204800	134	0	2640	40	2640	40	141	492	3	3
1771838534	637	37478	47648	0	188816	34550	204800	134	0	2640	40	2640	40	142	493	3	3
1771838536	639	37478	47648	0	188816	34550	204800	134	0	2640	40	2640	40	142	495	3	3
1771838538	641	26562	36732	0	188816	34550	204800	134	0	2682	41	2682	41	142	496	3	3
1771838540	643	37478	47648	0	188816	34550	204800	134	0	2682	41	2682	41	143	498	3	3
1771838542	645	31526	41696	0	188816	34550	204800	134	0	2682	41	2682	41	143	499	3	3
1771838544	647	37478	47648	0	188816	34550	204800	134	0	2682	41	2682	41	144	501	3	3
1771838546	649	37478	47648	0	188816	34550	204800	134	0	2682	41	2682	41	144	503	3	3
1771838548	651	37478	47648	0	188816	34550	204800	134	0	2682	41	2682	41	145	504	3	3
1771838550	652	37478	47648	0	188816	34550	204800	134	0	2682	41	2682	41	145	505	3	3
1771838552	654	37478	47648	0	188816	34550	204800	134	0	2682	41	2682	41	146	507	3	3
1771838554	657	37478	47648	0	188816	34550	204800	134	0	2682	41	2682	41	146	509	3	3
1771838556	659	37478	47648	0	188816	34550	204800	134	0	2682	41	2682	41	146	510	3	3
1771838558	661	22618	32788	0	188816	34550	204800	134	0	2682	41	2682	41	147	512	3	3
1771838560	663	36967	47148	500	188816	34550	204800	134	0	2682	41	2682	41	147	513	3	3
1771838562	665	37478	47648	0	188816	34550	204800	134	0	2682	41	2682	41	148	515	3	3
1771838564	667	37478	47648	0	188816	34550	204800	134	0	2772	42	2772	42	148	517	3	3
1771838566	669	37478	47648	0	188816	34550	204800	134	0	2772	42	2772	42	149	518	3	3
1771838568	671	37478	47648	0	188816	34550	204800	134	0	2772	42	2772	42	149	520	3	3
1771838570	673	28610	38780	0	188816	34550	204800	134	0	2814	43	2814	43	149	521	3	3
1771838572	675	37478	47648	0	188816	34550	204800	134	0	2814	43	2814	43	150	523	3	3
1771838574	676	36427	46608	0	188816	34550	204800	134	0	2814	43	2814	43	150	524	3	3
1771838576	679	37467	47648	0	188816	34550	204800	134	0	2814	43	2814	43	151	526	3	3
1771838578	681	37478	47648	0	188816	34550	204800	134	0	2814	43	2814	43	151	527	3	3
1771838580	683	37478	47648	0	188816	34550	204800	134	0	2814	43	2814	43	152	529	3	3
1771838582	685	37478	47648	0	188816	34550	204800	134	0	2814	43	2814	43	152	530	3	3
1771838584	687	37478	47648	0	188816	34550	204800	134	0	2814	43	2814	43	152	532	3	3
1771838586	689	32078	42248	5400	188816	34550	204800	134	0	2814	43	2814	43	153	534	3	3
1771838588	691	37478	47648	0	188816	34550	204800	134	0	2814	43	2814	43	153	535	3	3
1771838590	693	37478	47648	0	188816	34550	204800	134	0	2814	43	2814	43	154	537	3	3
1771838592	695	37478	47648	0	188816	34550	204800	134	0	2814	43	2814	43	154	538	3	3
1771838594	697	37478	47648	0	188816	34550	204800	134	0	2814	43	2814	43	155	540	3	3
1771838596	699	34574	44744	0	188816	34550	204800	134	0	2904	44	2904	44	155	541	3	3
1771838598	701	37478	47648	0	188816	34550	204800	134	0	2904	44	2904	44	156	543	3	3
1771838600	703	37478	47648	0	188816	34550	204800	134	0	2904	44	2904	44	156	544	3	3
1771838602	705	37478	47648	0	188816	34550	204800	134	0	2946	45	2946	45	156	546	3	3
1771838604	707	22986	33156	14492	188816	34550	204800	134	0	2946	45	2946	45	157	548	3	3
1771838606	709	37478	47648	0	188816	34550	204800	134	0	2946	45	2946	45	157	549	3	3
1771838608	711	37467	47648	0	188816	34550	204800	134	0	2946	45	2946	45	158	551	3	3
1771838610	713	37467	47648	0	188816	34550	204800	134	0	2946	45	2946	45	158	552	3	3
1771838612	715	31226	41396	0	188816	34550	204800	134	0	2946	45	2946	45	159	554	3	3
1771838614	716	25326	35496	0	188816	34550	204800	134	0	2946	45	2946	45	159	555	3	3
1771838616	718	37478	47648	0	188816	34550	204800	134	0	2946	45	2946	45	160	557	3	3
1771838618	720	24218	34388	0	188816	34550	204800	134	0	2946	45	2946	45	160	558	3	3
1771838620	723	23371	33552	0	188816	34550	204800	134	0	2946	45	2946	45	161	560	3	3
1771838622	725	37478	47648	0	188816	34550	204800	134	0	2946	45	2946	45	161	561	3	3
1771838624	727	37478	47648	0	188816	34550	204800	134	0	2946	45	2946	45	161	563	3	3
1771838626	729	30607	40788	0	188816	34550	204800	134	0	2946	45	2946	45	162	565	3	3
1771838628	731	37478	47648	0	188816	34550	204800	134	0	2946	45	2946	45	162	566	3	3
1771838630	733	31950	42120	0	188816	34550	204800	134	0	3036	46	3036	46	163	568	3	3
1771838632	735	37478	47648	0	188816	34550	204800	134	0	3036	46	3036	46	163	569	3	3
1771838634	737	37478	47648	0	188816	34550	204800	134	0	3078	47	3078	47	164	571	3	3
1771838636	739	37478	47648	0	188816	34550	204800	134	0	3078	47	3078	47	164	572	3	3
1771838638	741	28534	38704	0	188816	34550	204800	134	0	3078	47	3078	47	165	574	3	3
1771838640	742	37478	47648	0	188816	34550	204800	134	0	3078	47	3078	47	165	575	3	3
1771838642	744	37478	47648	0	188816	34550	204800	134	0	3078	47	3078	47	165	577	3	3
1771838644	747	37478	47648	0	188816	34550	204800	134	0	3078	47	3078	47	166	578	3	3
1771838646	749	23158	33328	0	188816	34550	204800	134	0	3078	47	3078	47	166	580	3	3
1771838648	751	37478	47648	0	188816	34550	204800	134	0	3078	47	3078	47	167	581	3	3
1771838650	753	37478	47648	0	188816	34550	204800	134	0	3078	47	3078	47	167	583	3	3
1771838652	755	37478	47648	0	188816	34550	204800	134	0	3078	47	3078	47	168	584	3	3
1771838654	757	21094	31264	0	172432	34550	204800	134	0	3078	47	3078	47	168	586	3	3
1771838656	759	25190	35360	0	188816	34550	204800	134	0	3078	47	3078	47	169	587	3	3
1771838658	761	37478	47648	0	188816	34550	204800	134	0	3078	47	3078	47	169	589	3	3
1771838660	763	27442	37612	0	188816	34550	204800	134	0	3078	47	3078	47	170	591	3	3
1771838662	765	37478	47648	0	188816	34550	204800	134	0	3168	48	3168	48	170	592	3	3
1771838664	767	37478	47648	0	188816	34550	204800	134	0	3168	48	3168	48	171	594	3	3
1771838666	769	37478	47648	0	188816	34550	204800	134	0	3210	49	3210	49	171	595	3	3
1771838668	771	37478	47648	0	188816	34550	204800	134	0	3210	49	3210	49	172	597	3	3
1771838670	773	37478	47648	0	188816	34550	204800	134	0	3210	49	3210	49	172	598	3	3
1771838672	775	30202	40372	0	188816	34550	204800	134	0	3210	49	3210	49	173	600	3	3
1771838674	777	26310	36480	0	188816	34550	204800	134	0	3210	49	3210	49	173	601	3	3
1771838676	779	37478	47648	0	188816	34550	204800	134	0	3210	49	3210	49	174	603	3	3
1771838678	781	37467	47648	0	188816	34550	204800	134	0	3210	49	3210	49	174	604	3	3
1771838680	783	27227	37408	0	188816	34550	204800	134	0	3210	49	3210	49	174	606	3	3
1771838682	785	37478	47648	0	188816	34550	204800	134	0	3210	49	3210	49	175	608	3	3
1771838684	787	37478	47648	0	188816	34550	204800	134	0	3210	49	3210	49	175	609	3	3
1771838686	789	27238	37408	0	188816	34550	204800	134	0	3210	49	3210	49	176	611	3	3
1771838688	791	37478	47648	0	188816	34550	204800	134	0	3210	49	3210	49	176	612	3	3
1771838690	793	37478	47648	0	188816	34550	204800	134	0	3210	49	3210	49	177	614	3	3
1771838692	795	22782	32952	0	188816	34550	204800	134	0	3210	49	3210	49	177	615	3	3
1771838694	797	37478	47648	0	188816	34550	204800	134	0	3300	50	3300	50	177	617	3	3
1771838696	798	28510	38680	0	188816	34550	204800	134	0	3300	50	3300	50	178	618	3	3
1771838698	801	37478	47648	0	188816	34550	204800	134	0	3342	51	3342	51	178	620	3	3
1771838700	803	37478	47648	0	188816	34550	204800	134	0	3342	51	3342	51	179	621	3	3
1771838702	805	37478	47648	0	188816	34550	204800	134	0	3342	51	3342	51	179	623	3	3
1771838704	807	24842	35012	0	188816	34550	204800	134	0	3342	51	3342	51	180	624	3	3
1771838706	809	21222	31392	0	188816	34550	204800	134	0	3342	51	3342	51	180	626	3	3
1771838708	811	37478	47648	0	188816	34550	204800	134	0	3342	51	3342	51	181	627	3	3
1771838710	813	37478	47648	0	188816	34550	204800	134	0	3342	51	3342	51	181	629	3	3
1771838712	815	37478	47648	0	188816	34550	204800	134	0	3342	51	3342	51	182	631	3	3
1771838714	817	37478	47648	0	188816	34550	204800	134	0	3342	51	3342	51	182	632	3	3
1771838716	819	37478	47648	0	188816	34550	204800	134	0	3342	51	3342	51	183	634	3	3
1771838718	821	37486	47648	0	188816	34550	204800	134	0	3342	51	3342	51	183	635	3	3
1771838720	823	37486	47648	0	188816	34550	204800	134	0	3342	51	3342	51	183	637	3	3
1771838722	825	37486	47648	0	188816	34550	204800	134	0	3342	51	3342	51	184	638	3	3
1771838724	827	21102	31264	0	172432	34550	204800	134	0	3342	51	3342	51	184	640	3	3
1771838726	829	23534	33696	0	188816	34550	204800	134	0	3432	52	3432	52	185	641	3	3
1771838728	831	21092	31264	0	172432	34550	204800	134	0	3432	52	3432	52	185	643	3	3
1771838730	832	28640	38812	0	188816	34550	204800	134	0	3474	53	3474	53	186	644	3	3
1771838732	835	37486	47648	0	188816	34550	204800	134	0	3474	53	3474	53	186	646	3	3
1771838734	837	21686	31848	0	188816	34550	204800	134	0	3474	53	3474	53	187	647	3	3
1771838736	839	25146	35308	0	188816	34550	204800	134	0	3474	53	3474	53	187	649	3	3
1771838738	841	37486	47648	0	188816	34550	204800	134	0	3474	53	3474	53	187	651	3	3
1771838740	843	36916	47088	0	188816	34550	204800	134	0	3474	53	3474	53	188	652	3	3
1771838742	845	37476	47648	0	188816	34550	204800	134	0	3474	53	3474	53	188	654	3	3
1771838744	847	37486	47648	0	188816	34550	204800	134	0	3474	53	3474	53	189	655	3	3
1771838746	849	37486	47648	0	188816	34550	204800	134	0	3474	53	3474	53	189	657	3	3
1771838748	851	37486	47648	0	188816	34550	204800	134	0	3474	53	3474	53	190	658	3	3
1771838750	853	37486	47648	0	188816	34550	204800	134	0	3474	53	3474	53	190	660	3	3
1771838752	855	27894	38056	0	188816	34550	204800	134	0	3474	53	3474	53	191	661	3	3
1771838754	857	37486	47648	0	188816	34550	204800	134	0	3474	53	3474	53	191	663	3	3
1771838756	859	29466	39628	0	188816	34550	204800	134	0	3474	53	3474	53	192	665	3	3
1771838758	861	37486	47648	0	188816	34550	204800	134	0	3564	54	3564	54	192	666	3	3
1771838760	863	37486	47648	0	188816	34550	204800	134	0	3564	54	3564	54	193	668	3	3
1771838762	865	37486	47648	0	188816	34550	204800	134	0	3606	55	3606	55	193	669	3	3
1771838764	867	37486	47648	0	188816	34550	204800	134	0	3606	55	3606	55	193	671	3	3
1771838766	869	37486	47648	0	188816	34550	204800	134	0	3606	55	3606	55	194	672	3	3
1771838768	871	37486	47648	0	188816	34550	204800	134	0	3606	55	3606	55	194	674	3	3
1771838770	873	37476	47648	0	188816	34550	204800	134	0	3606	55	3606	55	195	675	3	3
1771838772	875	37486	47648	0	188816	34550	204800	134	0	3606	55	3606	55	195	677	3	3
1771838774	877	37476	47648	0	188816	34550	204800	134	0	3606	55	3606	55	196	678	3	3
1771838776	879	22388	32560	0	188816	34550	204800	134	0	3606	55	3606	55	196	680	3	3
1771838778	881	36598	46760	0	188816	34550	204800	134	0	3606	55	3606	55	197	681	3	3
1771838780	883	27182	37344	0	188816	34550	204800	134	0	3606	55	3606	55	197	683	3	3
1771838782	885	33378	43540	0	188816	34550	204800	134	0	3606	55	3606	55	198	684	3	3
1771838784	887	37486	47648	0	188816	34550	204800	134	0	3606	55	3606	55	198	686	3	3
1771838786	889	37486	47648	0	188816	34550	204800	134	0	3606	55	3606	55	199	688	3	3
1771838788	891	37486	47648	0	188816	34550	204800	134	0	3606	55	3606	55	199	689	3	3
1771838790	893	37486	47648	0	188816	34550	204800	134	0	3696	56	3696	56	199	691	3	3
1771838792	894	37476	47648	0	188816	34550	204800	134	0	3696	56	3696	56	200	692	3	3
1771838794	897	30840	41012	0	188816	34550	204800	134	0	3696	56	3696	56	200	694	3	3
1771838796	899	29946	40108	0	188816	34550	204800	134	0	3738	57	3738	57	201	695	3	3
1771838798	901	37486	47648	0	188816	34550	204800	134	0	3738	57	3738	57	201	697	3	3
1771838800	903	37476	47648	0	188816	34550	204800	134	0	3738	57	3738	57	202	698	3	3
1771838802	905	37476	47648	0	188816	34550	204800	134	0	3738	57	3738	57	202	700	3	3
1771838804	907	37486	47648	0	188816	34550	204800	134	0	3738	57	3738	57	203	701	3	3
1771838806	909	37486	47648	0	188816	34550	204800	134	0	3738	57	3738	57	203	703	3	3
1771838808	911	36446	46608	0	188816	34550	204800	134	0	3738	57	3738	57	204	704	3	3
1771838810	913	32102	42264	0	188816	34550	204800	134	0	3738	57	3738	57	204	706	3	3
1771838812	915	37486	47648	0	188816	34550	204800	134	0	3738	57	3738	57	205	708	3	3
1771838814	917	30038	40200	0	188816	34550	204800	134	0	3738	57	3738	57	205	709	3	3
1771838816	919	37486	47648	0	188816	34550	204800	134	0	3738	57	3738	57	205	711	3	3
1771838818	921	37486	47648	0	188816	34550	204800	134	0	3738	57	3738	57	206	712	3	3
1771838820	923	37486	47648	0	188816	34550	204800	134	0	3738	57	3738	57	206	714	3	3
1771838822	925	37476	47648	0	188816	34550	204800	134	0	3828	58	3828	58	207	715	3	3
1771838824	927	37486	47648	0	188816	34550	204800	134	0	3828	58	3828	58	207	717	3	3
1771838826	928	37486	47648	0	188816	34550	204800	134	0	3828	58	3828	58	208	718	3	3
1771838828	931	30742	40904	0	188816	34550	204800	134	0	3870	59	3870	59	208	720	3	3
1771838830	933	37486	47648	0	188816	34550	204800	134	0	3870	59	3870	59	208	722	3	3
1771838832	935	37486	47648	0	188816	34550	204800	134	0	3870	59	3870	59	209	723	3	3
1771838834	937	37486	47648	0	188816	34550	204800	134	0	3870	59	3870	59	209	725	3	3
1771838836	939	35574	45736	0	188816	34550	204800	134	0	3870	59	3870	59	210	726	3	3
1771838838	941	37486	47648	0	188816	34550	204800	134	0	3870	59	3870	59	210	728	3	3
1771838840	943	26362	36524	0	188816	34550	204800	134	0	3870	59	3870	59	210	730	3	3
1771838842	945	37486	47648	0	188816	34550	204800	134	0	3870	59	3870	59	211	731	3	3
1771838844	947	27202	37364	0	188816	34550	204800	134	0	3870	59	3870	59	212	732	3	3
1771838846	949	37486	47648	0	188816	34550	204800	134	0	3870	59	3870	59	212	734	3	3
1771838848	951	37486	47648	0	188816	34550	204800	134	0	3870	59	3870	59	213	735	3	3
1771838850	953	37486	47648	0	188816	34550	204800	134	0	3870	59	3870	59	213	737	3	3
1771838852	955	37486	47648	0	188816	34550	204800	134	0	3870	59	3870	59	213	739	3	3
1771838854	957	28778	38940	0	188816	34550	204800	134	0	3960	60	3960	60	214	740	3	3
1771838856	959	21102	31264	0	172432	34550	204800	134	0	3960	60	3960	60	214	742	3	3
1771838858	961	37486	47648	0	188816	34550	204800	134	0	3960	60	3960	60	215	743	3	3
1771838860	963	37476	47648	0	188816	34550	204800	134	0	4002	61	4002	61	215	745	3	3
1771838862	965	29204	39376	0	188816	34550	204800	134	0	4002	61	4002	61	215	746	3	3
1771838864	967	31942	42104	0	188816	34550	204800	134	0	4002	61	4002	61	216	748	3	3
1771838866	969	37486	47648	0	188816	34550	204800	134	0	4002	61	4002	61	216	750	3	3
1771838868	971	21092	31264	0	172432	34550	204800	134	0	4002	61	4002	61	217	751	3	3
1771838870	973	37476	47648	0	188816	34550	204800	134	0	4002	61	4002	61	217	753	3	3
1771838872	975	37486	47648	0	188816	34550	204800	134	0	4002	61	4002	61	218	754	3	3
1771838874	977	27274	37436	0	188816	34550	204800	134	0	4002	61	4002	61	218	756	3	3
1771838876	979	37486	47648	0	188816	34550	204800	134	0	4002	61	4002	61	219	757	3	3
1771838878	981	21102	31264	0	172432	34550	204800	134	0	4002	61	4002	61	219	759	3	3
1771838880	983	34338	44500	0	188816	34550	204800	134	0	4002	61	4002	61	219	761	3	3
1771838882	985	37486	47648	0	188816	34550	204800	134	0	4002	61	4002	61	220	762	3	3
1771838884	987	37486	47648	0	188816	34550	204800	134	0	4002	61	4002	61	220	764	3	3
1771838886	989	24926	35088	0	188816	34550	204800	134	0	4002	61	4092	62	221	765	3	3
1771838888	991	31342	41504	0	188816	34550	204800	134	0	4092	62	4092	62	221	767	3	3
1771838890	993	37486	47648	0	188816	34550	204800	134	0	4092	62	4092	62	222	768	3	3
1771838892	995	37486	47648	0	188816	34550	204800	134	0	4134	63	4134	63	222	770	3	3
1771838894	997	32902	43064	0	188816	34550	204800	134	0	4134	63	4134	63	223	771	3	3
1771838896	999	37486	47648	0	188816	34550	204800	134	0	4134	63	4134	63	223	773	3	3
