Time	wtime	pss	rss	swap	vmem	rchar	read_bytes	wchar	write_bytes	rx_bytes	rx_packets	tx_bytes	tx_packets	stime	utime	nprocs	nthreads
1771833582	1	498721	508552	0	1218960	34545	7127040	132	0	0	0	90	1	0	0	3	3
1771833584	3	480033	490044	0	1218960	34545	7200768	132	0	90	1	90	1	1	0	3	3
1771833586	4	1067327	1077348	0	1218960	34545	7200768	132	0	90	1	90	1	1	2	3	3
1771833588	7	664011	674032	0	1218960	34545	7200768	132	0	174	3	174	3	2	3	3	3
1771833590	9	180393	190404	0	1218960	34545	7200768	132	0	174	3	174	3	3	4	3	3
1771833592	11	978353	988364	0	1218960	34545	7200768	132	0	174	3	174	3	4	5	3	3
1771833594	13	1067449	1077460	0	1218960	34545	7200768	132	0	174	3	174	3	4	7	3	3
1771833596	15	1067460	1077524	0	1218960	34545	7200768	132	0	174	3	174	3	5	8	3	3
1771833598	17	42490	52652	0	1350036	34545	7200768	132	0	174	3	174	3	6	9	3	3
1771833600	19	1198566	1208728	0	1350036	34545	7200768	132	0	174	3	174	3	6	11	3	3
1771833602	21	1198566	1208728	0	1350036	34545	7200768	132	0	174	3	174	3	6	13	3	3
1771833604	23	1198566	1208728	0	1350036	34545	7200768	132	0	174	3	174	3	6	15	3	3
1771833606	25	1198566	1208728	0	1350036	34545	7200768	132	0	174	3	174	3	6	17	3	3
1771833608	27	793058	803320	0	1218960	34545	7200768	132	0	174	3	174	3	7	18	3	3
1771833610	29	1067490	1077752	0	1218960	34545	7200768	132	0	174	3	174	3	7	20	3	3
1771833612	31	1067490	1077752	0	1218960	34545	7200768	132	0	174	3	174	3	7	22	3	3
1771833614	33	1067490	1077752	0	1218960	34545	7200768	132	0	174	3	174	3	7	24	3	3
1771833616	35	1067490	1077752	0	1218960	34545	7200768	132	0	174	3	174	3	7	26	3	3
1771833618	37	1067490	1077752	0	1218960	34545	7200768	132	0	174	3	174	3	7	28	3	3
1771833620	39	672494	682756	0	1218960	34545	7200768	132	0	174	3	174	3	8	30	3	3
1771833622	41	1067490	1077752	0	1218960	34545	7200768	132	0	174	3	174	3	8	31	3	3
1771833624	43	1067490	1077752	0	1218960	34545	7200768	132	0	174	3	174	3	8	33	3	3
1771833626	45	18914	29176	0	170384	34545	7200768	132	0	174	3	174	3	9	35	3	3
1771833628	47	142726	152988	0	1218960	34545	7200768	132	0	174	3	174	3	10	35	3	3
1771833630	49	1067490	1077752	0	1218960	34545	7200768	132	0	174	3	174	3	10	37	3	3
1771833632	51	18914	29176	0	170384	34545	7200768	132	0	174	3	174	3	11	39	3	3
1771833634	53	1067490	1077752	0	1218960	34545	7200768	132	0	174	3	174	3	11	40	3	3
1771833636	55	439294	449556	0	1218960	34545	7200768	132	0	174	3	174	3	12	41	3	3
1771833638	57	898892	909164	0	1218960	34545	7200768	132	0	174	3	174	3	14	42	3	3
1771833640	58	1067480	1077752	0	1218960	34545	7200768	132	0	174	3	174	3	14	43	3	3
1771833642	61	1067490	1077752	0	1218960	34545	7200768	132	0	174	3	174	3	14	45	3	3
1771833644	63	18914	29176	0	170384	34545	7200768	132	0	174	3	174	3	15	46	3	3
1771833646	65	1067490	1077752	0	1218960	34545	7200768	132	0	174	3	174	3	16	47	3	3
1771833648	67	183524	193796	0	1218960	34545	7200768	132	0	264	4	264	4	17	48	3	3
1771833650	69	911810	922072	155680	1218960	34545	7200768	132	0	264	4	264	4	18	49	3	3
1771833652	71	1067490	1077752	0	1218960	34545	7200768	132	0	348	6	348	6	19	50	3	3
1771833654	73	1198566	1208828	0	1350036	34545	7200768	132	0	348	6	348	6	20	51	3	3
1771833656	75	1198566	1208828	0	1350036	34545	7200768	132	0	348	6	348	6	20	53	3	3
1771833658	77	1198566	1208828	0	1350036	34545	7200768	132	0	348	6	348	6	20	55	3	3
1771833660	79	1198566	1208828	0	1350036	34545	7200768	132	0	348	6	348	6	20	57	3	3
1771833662	81	1198566	1208828	0	1350036	34545	7200768	132	0	348	6	348	6	20	59	3	3
1771833664	83	1067490	1077752	0	1218960	34545	7200768	132	0	348	6	348	6	20	61	3	3
1771833666	85	1067490	1077752	0	1218960	34545	7200768	132	0	348	6	348	6	20	63	3	3
1771833668	87	1067490	1077752	0	1218960	34545	7200768	132	0	348	6	348	6	20	65	3	3
1771833670	89	1067490	1077752	0	1218960	34545	7200768	132	0	348	6	348	6	20	67	3	3
1771833672	91	1067490	1077752	0	1218960	34545	7200768	132	0	348	6	348	6	20	69	3	3
1771833674	93	1067490	1077752	0	1218960	34545	7200768	132	0	348	6	348	6	20	71	3	3
1771833676	95	259982	270244	0	1218960	34545	7200768	132	0	348	6	348	6	20	73	3	3
1771833678	97	1067490	1077752	0	1218960	34545	7200768	132	0	348	6	348	6	21	74	3	3
1771833680	99	682466	692728	0	1218960	34545	7200768	132	0	348	6	348	6	21	76	3	3
1771833682	100	767174	777436	0	1218960	34545	7200768	132	0	348	6	348	6	21	78	3	3
1771833684	103	1067490	1077752	0	1218960	34545	7200768	132	0	348	6	348	6	22	79	3	3
1771833686	105	1067490	1077752	0	1218960	34545	7200768	132	0	348	6	348	6	22	81	3	3
1771833688	107	945614	955876	0	1218960	34545	7200768	132	0	348	6	348	6	23	82	3	3
1771833690	109	704014	714276	0	1218960	34545	7200768	132	0	348	6	348	6	23	84	3	3
1771833692	111	649186	659448	0	1218960	34545	7200768	132	0	348	6	348	6	24	85	3	3
1771833694	113	782874	793136	0	1218960	34545	7200768	132	0	348	6	348	6	26	85	3	3
1771833696	115	1067490	1077752	0	1218960	34545	7200768	132	0	348	6	348	6	26	87	3	3
1771833698	117	395746	406008	0	1218960	34545	7200768	132	0	348	6	348	6	26	89	3	3
1771833700	119	127420	137692	0	1218960	34545	7200768	132	0	348	6	348	6	27	90	3	3
1771833702	121	1067490	1077752	0	1218960	34545	7200768	132	0	348	6	348	6	28	91	3	3
1771833704	123	1067490	1077752	0	1218960	34545	7200768	132	0	348	6	348	6	29	92	3	3
1771833706	125	97078	107340	0	1218960	34545	7200768	132	0	348	6	348	6	29	94	3	3
1771833708	127	1067490	1077752	0	1218960	34545	7200768	132	0	348	6	348	6	31	94	3	3
1771833710	129	1198556	1208828	0	1350036	34545	7200768	132	0	348	6	348	6	31	96	3	3
1771833712	131	1198556	1208828	0	1350036	34545	7200768	132	0	438	7	438	7	31	98	3	3
1771833714	133	1198566	1208828	0	1350036	34545	7200768	132	0	438	7	438	7	31	100	3	3
1771833716	135	1198566	1208828	0	1350036	34545	7200768	132	0	522	9	522	9	31	102	3	3
1771833718	137	1067490	1077752	0	1218960	34545	7200768	132	0	522	9	522	9	31	104	3	3
1771833720	139	1067490	1077752	0	1218960	34545	7200768	132	0	522	9	522	9	31	106	3	3
1771833722	141	1067490	1077752	0	1218960	34545	7200768	132	0	522	9	522	9	32	107	3	3
1771833724	142	1067490	1077752	0	1218960	34545	7200768	132	0	522	9	522	9	32	109	3	3
1771833726	144	1067490	1077752	0	1218960	34545	7200768	132	0	522	9	522	9	32	111	3	3
1771833728	147	1067490	1077752	0	1218960	34545	7200768	132	0	522	9	522	9	32	113	3	3
1771833730	149	133818	144080	0	1218960	34545	7200768	132	0	522	9	522	9	32	115	3	3
1771833732	151	1067490	1077752	0	1218960	34545	7200768	132	0	522	9	522	9	32	117	3	3
1771833734	153	540198	550460	527292	1218960	34545	7200768	132	0	522	9	522	9	32	119	3	3
1771833736	155	920502	930764	0	1218960	34545	7200768	132	0	522	9	522	9	33	120	3	3
1771833738	157	1067490	1077752	0	1218960	34545	7200768	132	0	522	9	522	9	34	121	3	3
1771833740	159	1067490	1077752	0	1218960	34545	7200768	132	0	522	9	522	9	34	123	3	3
1771833742	161	1067490	1077752	0	1218960	34545	7200768	132	0	522	9	522	9	35	124	3	3
1771833744	163	1067490	1077752	0	1218960	34545	7200768	132	0	522	9	522	9	35	126	3	3
1771833746	165	933714	943976	0	1218960	34545	7200768	132	0	522	9	522	9	35	128	3	3
1771833748	167	1067490	1077752	0	1218960	34545	7200768	132	0	522	9	522	9	36	129	3	3
1771833750	169	378902	389164	0	1218960	34545	7200768	132	0	522	9	522	9	38	129	3	3
1771833752	171	1067490	1077752	0	1218960	34545	7200768	132	0	522	9	522	9	39	130	3	3
1771833754	173	1067490	1077752	0	1218960	34545	7200768	132	0	522	9	522	9	39	132	3	3
1771833756	175	130314	140576	0	1218960	34545	7200768	132	0	522	9	522	9	40	133	3	3
1771833758	177	747476	757748	0	1218960	34545	7200768	132	0	522	9	522	9	41	134	3	3
1771833760	179	1067480	1077752	0	1218960	34545	7200768	132	0	522	9	522	9	42	135	3	3
1771833762	181	1067490	1077752	0	1218960	34545	7200768	132	0	522	9	522	9	43	136	3	3
1771833764	183	426506	436768	0	1218960	34545	7200768	132	0	522	9	522	9	44	137	3	3
1771833766	185	1067490	1077752	0	1218960	34545	7200768	132	0	522	9	522	9	45	138	3	3
1771833768	187	1198566	1208828	0	1350036	34545	7200768	132	0	522	9	522	9	45	140	3	3
1771833770	189	1198566	1208828	0	1350036	34545	7200768	132	0	522	9	522	9	45	142	3	3
1771833772	191	1198561	1208828	0	1350036	34545	7200768	132	0	522	9	522	9	45	144	3	3
1771833774	193	1198566	1208828	0	1350036	34545	7200768	132	0	522	9	522	9	45	146	3	3
1771833776	194	1067490	1077752	0	1218960	34545	7200768	132	0	612	10	612	10	45	147	3	3
1771833778	197	1067490	1077752	0	1218960	34545	7200768	132	0	612	10	612	10	45	149	3	3
1771833780	199	1067490	1077752	0	1218960	34545	7200768	132	0	696	12	696	12	46	150	3	3
1771833782	201	1067490	1077752	0	1218960	34545	7200768	132	0	696	12	696	12	46	152	3	3
1771833784	203	1067490	1077752	0	1218960	34545	7200768	132	0	696	12	696	12	46	154	3	3
1771833786	205	1067490	1077752	0	1218960	34545	7200768	132	0	696	12	696	12	46	156	3	3
1771833788	207	165722	175984	0	1218960	34545	7200768	132	0	696	12	696	12	46	158	3	3
1771833790	209	1067490	1077752	0	1218960	34545	7200768	132	0	696	12	696	12	47	160	3	3
1771833792	211	395902	406164	0	1218960	34545	7200768	132	0	696	12	696	12	47	162	3	3
1771833794	213	931870	942132	0	1218960	34545	7200768	132	0	696	12	696	12	48	163	3	3
1771833796	215	1067490	1077752	0	1218960	34545	7200768	132	0	696	12	696	12	49	164	3	3
1771833798	217	705130	715392	0	1218960	34545	7200768	132	0	696	12	696	12	49	166	3	3
1771833800	219	1067490	1077752	0	1218960	34545	7200768	132	0	696	12	696	12	50	167	3	3
1771833802	221	1058050	1068312	0	1218960	34545	7200768	132	0	696	12	696	12	50	169	3	3
1771833804	223	836438	846700	0	1218960	34545	7200768	132	0	696	12	696	12	51	170	3	3
1771833806	225	359950	370212	0	1218960	34545	7200768	132	0	696	12	696	12	52	171	3	3
1771833808	227	444374	454636	0	1218960	34545	7200768	132	0	696	12	696	12	53	171	3	3
1771833810	229	617018	627280	0	1218960	34545	7200768	132	0	696	12	696	12	54	173	3	3
1771833812	231	1067490	1077752	0	1218960	34545	7200768	132	0	696	12	696	12	55	174	3	3
1771833814	233	228390	238652	0	1218960	34545	7200768	132	0	696	12	696	12	55	176	3	3
1771833816	235	249742	260004	0	1218960	34545	7200768	132	0	696	12	696	12	56	177	3	3
1771833818	237	839636	849908	0	1218960	34545	7200768	132	0	696	12	696	12	57	177	3	3
1771833820	239	1067480	1077752	0	1218960	34545	7200768	132	0	696	12	696	12	58	179	3	3
1771833822	240	570010	580272	0	1218960	34545	7200768	132	0	696	12	696	12	59	180	3	3
1771833824	242	626462	636724	0	1218960	34545	7200768	132	0	696	12	696	12	60	181	3	3
1771833826	245	1198566	1208828	0	1350036	34545	7200768	132	0	696	12	696	12	60	183	3	3
1771833828	247	1198566	1208828	0	1350036	34545	7200768	132	0	696	12	696	12	60	185	3	3
1771833830	249	1198566	1208828	0	1350036	34545	7200768	132	0	696	12	696	12	60	187	3	3
1771833832	251	1198566	1208828	0	1350036	34545	7200768	132	0	696	12	696	12	60	189	3	3
1771833834	253	1198556	1208828	0	1350036	34545	7200768	132	0	696	12	696	12	60	191	3	3
1771833836	255	1198556	1208828	0	1350036	34545	7200768	132	0	696	12	696	12	60	193	3	3
1771833838	257	756102	766364	0	1218960	34545	7200768	132	0	696	12	696	12	60	194	3	3
1771833840	259	1067490	1077752	0	1218960	34545	7200768	132	0	786	13	786	13	61	196	3	3
1771833842	261	1067490	1077752	0	1218960	34545	7200768	132	0	786	13	786	13	61	198	3	3
1771833844	263	1067490	1077752	0	1218960	34545	7200768	132	0	828	14	828	14	61	200	3	3
1771833846	265	1067490	1077752	0	1218960	34545	7200768	132	0	870	15	870	15	61	202	3	3
1771833848	267	1067490	1077752	0	1218960	34545	7200768	132	0	870	15	870	15	61	204	3	3
1771833850	269	693058	703320	0	1218960	34545	7200768	132	0	870	15	870	15	61	206	3	3
1771833852	271	1067490	1077752	0	1218960	34545	7200768	132	0	870	15	870	15	61	208	3	3
1771833854	273	373350	383612	0	1218960	34545	7200768	132	0	870	15	870	15	62	209	3	3
1771833856	275	1067490	1077752	0	1218960	34545	7200768	132	0	870	15	870	15	62	211	3	3
1771833858	277	1067490	1077752	0	1218960	34545	7200768	132	0	870	15	870	15	63	212	3	3
1771833860	279	207846	218108	0	1218960	34545	7200768	132	0	870	15	870	15	63	214	3	3
1771833862	280	469914	480176	0	1218960	34545	7200768	132	0	870	15	870	15	63	215	3	3
1771833864	282	1067490	1077752	0	1218960	34545	7200768	132	0	870	15	870	15	64	217	3	3
1771833866	285	375206	385468	692284	1218960	34545	7200768	132	0	870	15	870	15	66	217	3	3
1771833868	287	1067490	1077752	0	1218960	34545	7200768	132	0	870	15	870	15	67	218	3	3
1771833870	289	1067490	1077752	0	1218960	34545	7200768	132	0	870	15	870	15	68	219	3	3
1771833872	291	609674	619936	0	1218960	34545	7200768	132	0	870	15	870	15	68	221	3	3
1771833874	293	1067490	1077752	0	1218960	34545	7200768	132	0	870	15	870	15	69	222	3	3
1771833876	295	1063406	1073668	0	1218960	34545	7200768	132	0	870	15	870	15	70	223	3	3
1771833878	297	997302	1007564	0	1218960	34545	7200768	132	0	870	15	870	15	70	224	3	3
1771833880	299	223736	234008	843744	1218960	34545	7200768	132	0	870	15	870	15	71	226	3	3
1771833882	301	681970	692232	0	1218960	34545	7200768	132	0	870	15	870	15	72	227	3	3
1771833884	303	1198566	1208828	0	1350036	34545	7200768	132	0	870	15	870	15	73	227	3	3
1771833886	305	1198566	1208828	0	1350036	34545	7200768	132	0	870	15	870	15	73	229	3	3
1771833888	307	1198566	1208828	0	1350036	34545	7200768	132	0	870	15	870	15	73	231	3	3
1771833890	309	1198566	1208828	0	1350036	34545	7200768	132	0	870	15	870	15	73	233	3	3
1771833892	311	1198566	1208828	0	1350036	34545	7200768	132	0	870	15	870	15	73	235	3	3
1771833894	313	1067490	1077752	0	1218960	34545	7200768	132	0	870	15	870	15	74	237	3	3
1771833896	315	1067490	1077752	0	1218960	34545	7200768	132	0	870	15	870	15	74	239	3	3
1771833898	317	1067480	1077752	0	1218960	34545	7200768	132	0	870	15	870	15	74	241	3	3
1771833900	319	1067480	1077752	0	1218960	34545	7200768	132	0	870	15	870	15	74	243	3	3
1771833902	321	1067490	1077752	0	1218960	34545	7200768	132	0	870	15	870	15	74	245	3	3
1771833904	323	1067490	1077752	0	1218960	34545	7200768	132	0	960	16	960	16	74	247	3	3
1771833906	325	1008146	1018408	0	1218960	34545	7200768	132	0	960	16	960	16	74	249	3	3
1771833908	326	1067490	1077752	0	1218960	34545	7200768	132	0	960	16	960	16	74	250	3	3
1771833910	329	1067490	1077752	0	1218960	34545	7200768	132	0	1044	18	1044	18	75	252	3	3
1771833912	331	194578	204840	0	1218960	34545	7200768	132	0	1044	18	1044	18	75	254	3	3
1771833914	333	1067490	1077752	0	1218960	34545	7200768	132	0	1044	18	1044	18	76	255	3	3
1771833916	335	137298	147560	0	1218960	34545	7200768	132	0	1044	18	1044	18	76	257	3	3
1771833918	337	618978	629240	0	1218960	34545	7200768	132	0	1044	18	1044	18	76	258	3	3
1771833920	339	1067490	1077752	0	1218960	34545	7200768	132	0	1044	18	1044	18	78	259	3	3
1771833922	341	1067490	1077752	0	1218960	34545	7200768	132	0	1044	18	1044	18	79	260	3	3
1771833924	343	1067490	1077752	0	1218960	34545	7200768	132	0	1044	18	1044	18	80	261	3	3
1771833926	345	1067490	1077752	0	1218960	34545	7200768	132	0	1044	18	1044	18	80	263	3	3
1771833928	347	1067490	1077752	0	1218960	34545	7200768	132	0	1044	18	1044	18	81	264	3	3
1771833930	349	1067490	1077752	0	1218960	34545	7200768	132	0	1044	18	1044	18	82	265	3	3
1771833932	351	1067490	1077752	0	1218960	34545	7200768	132	0	1044	18	1044	18	83	266	3	3
1771833934	353	1067490	1077752	0	1218960	34545	7200768	132	0	1044	18	1044	18	83	267	3	3
1771833936	355	444238	454500	0	1218960	34545	7200768	132	0	1044	18	1044	18	84	269	3	3
1771833938	357	478356	488628	0	1218960	34545	7200768	132	0	1044	18	1044	18	85	270	3	3
1771833940	359	1198556	1208828	0	1350036	34545	7200768	132	0	1044	18	1044	18	85	271	3	3
1771833942	361	1198566	1208828	0	1350036	34545	7200768	132	0	1044	18	1044	18	85	273	3	3
1771833944	363	1198566	1208828	0	1350036	34545	7200768	132	0	1044	18	1044	18	85	275	3	3
1771833946	365	1198566	1208828	0	1350036	34545	7200768	132	0	1044	18	1044	18	85	277	3	3
1771833948	367	18914	29176	0	170384	34545	7200768	132	0	1044	18	1044	18	86	279	3	3
1771833950	369	1067490	1077752	0	1218960	34545	7200768	132	0	1044	18	1044	18	86	280	3	3
1771833952	370	123878	134140	0	1218960	34545	7200768	132	0	1044	18	1044	18	86	282	3	3
1771833954	372	1067490	1077752	0	1218960	34545	7200768	132	0	1044	18	1044	18	87	284	3	3
1771833956	375	1067490	1077752	0	1218960	34545	7200768	132	0	1044	18	1044	18	87	286	3	3
1771833958	377	1067490	1077752	0	1218960	34545	7200768	132	0	1044	18	1044	18	87	288	3	3
1771833960	379	1067490	1077752	0	1218960	34545	7200768	132	0	1044	18	1044	18	87	290	3	3
1771833962	381	1067480	1077752	0	1218960	34545	7200768	132	0	1044	18	1044	18	87	292	3	3
1771833964	383	187604	197876	0	1218960	34545	7200768	132	0	1044	18	1044	18	87	294	3	3
1771833966	385	1067490	1077752	0	1218960	34545	7200768	132	0	1044	18	1044	18	88	295	3	3
1771833968	387	806178	816440	0	1218960	34545	7200768	132	0	1134	19	1134	19	88	297	3	3
1771833970	389	1067490	1077752	0	1218960	34545	7200768	132	0	1134	19	1134	19	89	298	3	3
1771833972	391	212342	222604	0	1218960	34545	7200768	132	0	1134	19	1134	19	89	300	3	3
1771833974	393	594946	605208	0	1218960	34545	7200768	132	0	1218	21	1218	21	89	301	3	3
1771833976	395	1067490	1077752	0	1218960	34545	7200768	132	0	1218	21	1218	21	90	302	3	3
1771833978	397	456298	466560	0	1218960	34545	7200768	132	0	1218	21	1218	21	91	303	3	3
1771833980	399	703754	714016	0	1218960	34545	7200768	132	0	1218	21	1218	21	93	304	3	3
1771833982	401	1067490	1077752	0	1218960	34545	7200768	132	0	1218	21	1218	21	94	305	3	3
1771833984	403	784866	795128	0	1218960	34545	7200768	132	0	1218	21	1218	21	94	307	3	3
1771833986	405	968406	978668	0	1218960	34545	7200768	132	0	1218	21	1218	21	95	308	3	3
1771833988	407	1041362	1051624	0	1218960	34545	7200768	132	0	1218	21	1218	21	96	309	3	3
1771833990	409	1067490	1077752	0	1218960	34545	7200768	132	0	1218	21	1218	21	97	310	3	3
1771833992	410	1067490	1077752	0	1218960	34545	7200768	132	0	1218	21	1218	21	97	311	3	3
1771833994	412	903474	913736	0	1218960	34545	7200768	132	0	1218	21	1218	21	98	313	3	3
1771833996	415	111298	121560	956192	1218960	34545	7200768	132	0	1218	21	1218	21	99	314	3	3
1771833998	417	1198566	1208828	0	1350036	34545	7200768	132	0	1218	21	1218	21	100	315	3	3
1771834000	419	1198556	1208828	0	1350036	34545	7200768	132	0	1218	21	1218	21	100	317	3	3
1771834002	421	1198566	1208828	0	1350036	34545	7200768	132	0	1218	21	1218	21	100	319	3	3
1771834004	423	1198566	1208828	0	1350036	34545	7200768	132	0	1218	21	1218	21	100	321	3	3
1771834006	425	463098	473360	604392	1218960	34545	7200768	132	0	1218	21	1218	21	100	322	3	3
1771834008	427	1067490	1077752	0	1218960	34545	7200768	132	0	1218	21	1218	21	101	324	3	3
1771834010	429	797154	807416	0	1218960	34545	7200768	132	0	1218	21	1218	21	101	326	3	3
1771834012	431	1067490	1077752	0	1218960	34545	7200768	132	0	1218	21	1218	21	101	327	3	3
1771834014	433	1067490	1077752	0	1218960	34545	7200768	132	0	1218	21	1218	21	101	329	3	3
1771834016	435	1067490	1077752	0	1218960	34545	7200768	132	0	1218	21	1218	21	101	331	3	3
1771834018	437	1067490	1077752	0	1218960	34545	7200768	132	0	1218	21	1218	21	101	333	3	3
1771834020	439	345306	355568	0	1218960	34545	7200768	132	0	1218	21	1218	21	102	335	3	3
1771834022	441	1067490	1077752	0	1218960	34545	7200768	132	0	1218	21	1218	21	102	337	3	3
1771834024	443	553436	563708	0	1218960	34545	7200768	132	0	1218	21	1218	21	102	339	3	3
1771834026	445	159926	170188	0	1218960	34545	7200768	132	0	1218	21	1218	21	103	340	3	3
1771834028	447	1067490	1077752	0	1218960	34545	7200768	132	0	1218	21	1218	21	104	341	3	3
1771834030	449	626622	636884	0	1218960	34545	7200768	132	0	1218	21	1218	21	104	343	3	3
1771834032	451	473054	483316	0	1218960	34545	7200768	132	0	1308	22	1308	22	104	344	3	3
1771834034	453	1067490	1077752	0	1218960	34545	7200768	132	0	1308	22	1308	22	105	346	3	3
1771834036	455	1067490	1077752	0	1218960	34545	7200768	132	0	1308	22	1308	22	106	347	3	3
1771834038	456	1067490	1077752	0	1218960	34545	7200768	132	0	1392	24	1392	24	107	348	3	3
1771834040	459	55682	65944	0	1218960	34545	7200768	132	0	1392	24	1392	24	108	349	3	3
1771834042	461	1067490	1077752	0	1218960	34545	7200768	132	0	1392	24	1392	24	108	350	3	3
1771834044	463	103294	113556	0	1218960	34545	7200768	132	0	1392	24	1392	24	109	352	3	3
1771834046	465	1067490	1077752	0	1218960	34545	7200768	132	0	1392	24	1392	24	110	352	3	3
1771834048	467	831970	842232	0	1218960	34545	7200768	132	0	1392	24	1392	24	111	353	3	3
1771834050	469	1067490	1077752	0	1218960	34545	7200768	132	0	1392	24	1392	24	112	355	3	3
1771834052	471	728786	739048	0	1218960	34545	7200768	132	0	1392	24	1392	24	113	356	3	3
1771834054	473	1067490	1077752	0	1218960	34545	7200768	132	0	1392	24	1392	24	114	357	3	3
1771834056	475	1198566	1208828	0	1350036	34545	7200768	132	0	1392	24	1392	24	114	359	3	3
1771834058	477	1198566	1208828	0	1350036	34545	7200768	132	0	1392	24	1392	24	114	361	3	3
1771834060	479	1198556	1208828	0	1350036	34545	7200768	132	0	1392	24	1392	24	114	363	3	3
1771834062	481	1198566	1208828	0	1350036	34545	7200768	132	0	1392	24	1392	24	114	365	3	3
1771834064	483	1198566	1208828	0	1350036	34545	7200768	132	0	1392	24	1392	24	114	367	3	3
1771834066	485	816390	826652	0	1218960	34545	7200768	132	0	1392	24	1392	24	114	368	3	3
1771834068	487	1067490	1077752	0	1218960	34545	7200768	132	0	1392	24	1392	24	114	370	3	3
1771834070	489	1067490	1077752	0	1218960	34545	7200768	132	0	1392	24	1392	24	115	372	3	3
1771834072	491	1067490	1077752	0	1218960	34545	7200768	132	0	1392	24	1392	24	115	374	3	3
1771834074	493	1067490	1077752	0	1218960	34545	7200768	132	0	1392	24	1392	24	115	376	3	3
1771834076	495	1067490	1077752	0	1218960	34545	7200768	132	0	1392	24	1392	24	115	378	3	3
1771834078	496	531734	541996	0	1218960	34545	7200768	132	0	1392	24	1392	24	115	380	3	3
1771834080	498	1067490	1077752	0	1218960	34545	7200768	132	0	1392	24	1392	24	116	381	3	3
1771834082	501	778690	788952	0	1218960	34545	7200768	132	0	1392	24	1392	24	116	383	3	3
1771834084	503	359062	369324	708428	1218960	34545	7200768	132	0	1392	24	1392	24	116	384	3	3
1771834086	505	1067480	1077752	0	1218960	34545	7200768	132	0	1392	24	1392	24	117	385	3	3
1771834088	507	634400	644672	0	1218960	34545	7200768	132	0	1392	24	1392	24	118	387	3	3
1771834090	509	389314	399576	0	1218960	34545	7200768	132	0	1392	24	1392	24	118	388	3	3
1771834092	511	535178	545440	0	1218960	34545	7200768	132	0	1392	24	1392	24	119	390	3	3
1771834094	513	1067490	1077752	0	1218960	34545	7200768	132	0	1392	24	1392	24	120	391	3	3
1771834096	515	269950	280212	0	1218960	34545	7200768	132	0	1392	24	1392	24	121	392	3	3
1771834098	517	671198	681460	0	1218960	34545	7200768	132	0	1482	25	1482	25	122	393	3	3
1771834100	519	1067490	1077752	0	1218960	34545	7200768	132	0	1482	25	1482	25	122	394	3	3
1771834102	521	174218	184480	0	1218960	34545	7200768	132	0	1566	27	1566	27	123	396	3	3
1771834104	523	1067490	1077752	0	1218960	34545	7200768	132	0	1566	27	1566	27	124	396	3	3
1771834106	525	1067490	1077752	0	1218960	34545	7200768	132	0	1566	27	1566	27	125	397	3	3
1771834108	527	1067490	1077752	0	1218960	34545	7200768	132	0	1566	27	1566	27	126	399	3	3
1771834110	529	74200	84472	0	1218960	34545	7200768	132	0	1566	27	1566	27	126	400	3	3
1771834112	531	26164	36436	0	1350036	34545	7200768	132	0	1566	27	1566	27	127	402	3	3
1771834114	533	1198566	1208828	0	1350036	34545	7200768	132	0	1566	27	1566	27	128	403	3	3
1771834116	535	1198566	1208828	0	1350036	34545	7200768	132	0	1566	27	1566	27	128	405	3	3
1771834118	537	1198566	1208828	0	1350036	34545	7200768	132	0	1566	27	1566	27	128	407	3	3
1771834120	538	1198556	1208828	0	1350036	34545	7200768	132	0	1566	27	1566	27	128	409	3	3
1771834122	540	1050222	1060484	0	1218960	34545	7200768	132	0	1566	27	1566	27	129	410	3	3
1771834124	543	1067490	1077752	0	1218960	34545	7200768	132	0	1566	27	1566	27	129	412	3	3
1771834126	545	1067490	1077752	0	1218960	34545	7200768	132	0	1566	27	1566	27	129	413	3	3
1771834128	547	1067490	1077752	0	1218960	34545	7200768	132	0	1566	27	1566	27	129	415	3	3
1771834130	549	1067490	1077752	0	1218960	34545	7200768	132	0	1566	27	1566	27	129	417	3	3
1771834132	551	1067490	1077752	0	1218960	34545	7200768	132	0	1566	27	1566	27	129	419	3	3
1771834134	553	318958	329220	0	1218960	34545	7200768	132	0	1566	27	1566	27	129	421	3	3
1771834136	555	1067490	1077752	0	1218960	34545	7200768	132	0	1566	27	1566	27	130	423	3	3
1771834138	557	404206	414468	0	1218960	34545	7200768	132	0	1566	27	1566	27	130	425	3	3
1771834140	559	1067490	1077752	0	1218960	34545	7200768	132	0	1566	27	1566	27	130	426	3	3
1771834142	561	1067490	1077752	0	1218960	34545	7200768	132	0	1566	27	1566	27	131	428	3	3
1771834144	563	1067490	1077752	0	1218960	34545	7200768	132	0	1566	27	1566	27	131	429	3	3
1771834146	565	1067490	1077752	0	1218960	34545	7200768	132	0	1566	27	1566	27	132	430	3	3
1771834148	567	1033088	1043360	0	1218960	34545	7200768	132	0	1566	27	1566	27	133	432	3	3
1771834150	569	338962	349224	0	1218960	34545	7200768	132	0	1566	27	1566	27	134	433	3	3
1771834152	571	975954	986216	0	1218960	34545	7200768	132	0	1566	27	1566	27	134	434	3	3
1771834154	573	799626	809888	0	1218960	34545	7200768	132	0	1566	27	1566	27	136	435	3	3
1771834156	575	1067490	1077752	0	1218960	34545	7200768	132	0	1566	27	1566	27	137	436	3	3
1771834158	577	465378	475640	0	1218960	34545	7200768	132	0	1566	27	1566	27	137	438	3	3
1771834160	579	467690	477952	0	1218960	34545	7200768	132	0	1566	27	1566	27	138	439	3	3
1771834162	581	1007446	1017708	0	1218960	34545	7200768	132	0	1656	28	1656	28	139	440	3	3
1771834164	583	1067490	1077752	0	1218960	34545	7200768	132	0	1656	28	1656	28	140	441	3	3
1771834166	584	143354	153616	0	1218960	34545	7200768	132	0	1740	30	1740	30	140	442	3	3
1771834168	587	41542	51804	0	1218960	34545	7200768	132	0	1740	30	1740	30	141	443	3	3
1771834170	589	1198566	1208828	0	1350036	34545	7200768	132	0	1740	30	1740	30	142	445	3	3
1771834172	591	1198566	1208828	0	1350036	34545	7200768	132	0	1740	30	1740	30	142	447	3	3
1771834174	593	1198566	1208828	0	1350036	34545	7200768	132	0	1740	30	1740	30	142	449	3	3
1771834176	595	1198556	1208828	0	1350036	34545	7200768	132	0	1740	30	1740	30	142	451	3	3
1771834178	597	1198566	1208828	0	1350036	34545	7200768	132	0	1740	30	1740	30	142	453	3	3
1771834180	599	704814	715076	0	1218960	34545	7200768	132	0	1740	30	1740	30	142	454	3	3
1771834182	601	1067490	1077752	0	1218960	34545	7200768	132	0	1740	30	1740	30	142	456	3	3
1771834184	603	213562	223824	853928	1218960	34545	7200768	132	0	1740	30	1740	30	143	458	3	3
1771834186	605	1067490	1077752	0	1218960	34545	7200768	132	0	1740	30	1740	30	143	459	3	3
1771834188	607	1067490	1077752	0	1218960	34545	7200768	132	0	1740	30	1740	30	143	461	3	3
1771834190	609	1067490	1077752	0	1218960	34545	7200768	132	0	1740	30	1740	30	143	463	3	3
1771834192	611	1067490	1077752	0	1218960	34545	7200768	132	0	1740	30	1740	30	143	465	3	3
1771834194	613	1067490	1077752	0	1218960	34545	7200768	132	0	1740	30	1740	30	144	467	3	3
1771834196	615	294902	305164	772588	1218960	34545	7200768	132	0	1740	30	1740	30	144	469	3	3
1771834198	617	1067490	1077752	0	1218960	34545	7200768	132	0	1740	30	1740	30	145	470	3	3
1771834200	619	1067490	1077752	0	1218960	34545	7200768	132	0	1740	30	1740	30	145	471	3	3
1771834202	621	1067490	1077752	0	1218960	34545	7200768	132	0	1740	30	1740	30	146	473	3	3
1771834204	623	1067490	1077752	0	1218960	34545	7200768	132	0	1740	30	1740	30	146	474	3	3
1771834206	625	124938	135200	0	1218960	34545	7200768	132	0	1740	30	1740	30	147	476	3	3
1771834208	627	885828	896100	0	1218960	34545	7200768	132	0	1740	30	1740	30	148	477	3	3
1771834210	629	1067480	1077752	0	1218960	34545	7200768	132	0	1740	30	1740	30	149	478	3	3
1771834212	631	307686	317948	0	1218960	34545	7200768	132	0	1740	30	1740	30	150	478	3	3
1771834214	633	1067490	1077752	0	1218960	34545	7200768	132	0	1740	30	1740	30	151	479	3	3
1771834216	635	1067490	1077752	0	1218960	34545	7200768	132	0	1740	30	1740	30	152	480	3	3
1771834218	637	1067490	1077752	0	1218960	34545	7200768	132	0	1740	30	1740	30	152	482	3	3
1771834220	639	1067490	1077752	0	1218960	34545	7200768	132	0	1740	30	1740	30	153	483	3	3
1771834222	641	635702	645964	0	1218960	34545	7200768	132	0	1740	30	1740	30	154	484	3	3
1771834224	643	1067490	1077752	0	1218960	34545	7200768	132	0	1740	30	1740	30	155	486	3	3
1771834226	645	1067490	1077752	0	1218960	34545	7200768	132	0	1830	31	1830	31	156	487	3	3
1771834228	647	1073310	1083572	0	1350036	34545	7200768	132	0	1830	31	1830	31	156	488	3	3
1771834230	649	1198566	1208828	0	1350036	34545	7200768	132	0	1914	33	1914	33	156	490	3	3
1771834232	651	1198566	1208828	0	1350036	34545	7200768	132	0	1914	33	1914	33	156	492	3	3
1771834234	653	1198566	1208828	0	1350036	34545	7200768	132	0	1914	33	1914	33	156	494	3	3
1771834236	654	1198566	1208828	0	1350036	34545	7200768	132	0	1914	33	1914	33	156	496	3	3
1771834238	657	248366	258628	0	1218960	34545	7200768	132	0	1914	33	1914	33	156	498	3	3
1771834240	659	1067480	1077752	0	1218960	34545	7200768	132	0	1914	33	1914	33	157	500	3	3
1771834242	661	891770	902032	0	1218960	34545	7200768	132	0	1914	33	1914	33	157	501	3	3
1771834244	663	1067490	1077752	0	1218960	34545	7200768	132	0	1914	33	1914	33	157	503	3	3
1771834246	665	1067490	1077752	0	1218960	34545	7200768	132	0	1914	33	1914	33	157	505	3	3
1771834248	667	1067490	1077752	0	1218960	34545	7200768	132	0	1914	33	1914	33	157	507	3	3
1771834250	669	1067490	1077752	0	1218960	34545	7200768	132	0	1914	33	1914	33	157	509	3	3
1771834252	671	1067490	1077752	0	1218960	34545	7200768	132	0	1914	33	1914	33	157	511	3	3
1771834254	673	1067490	1077752	0	1218960	34545	7200768	132	0	1914	33	1914	33	157	513	3	3
1771834256	675	924562	934824	0	1218960	34545	7200768	132	0	1914	33	1914	33	158	514	3	3
1771834258	677	117450	127712	950040	1218960	34545	7200768	132	0	1914	33	1914	33	159	516	3	3
1771834260	679	1067490	1077752	0	1218960	34545	7200768	132	0	1914	33	1914	33	160	517	3	3
1771834262	681	18914	29176	0	170384	34545	7200768	132	0	1914	33	1914	33	160	519	3	3
1771834264	683	93134	103396	974356	1218960	34545	7200768	132	0	1914	33	1914	33	161	520	3	3
1771834266	685	250288	260560	0	1218960	34545	7200768	132	0	1914	33	1914	33	161	521	3	3
1771834268	687	18914	29176	0	170384	34545	7200768	132	0	1914	33	1914	33	163	522	3	3
1771834270	689	108230	118492	0	1218960	34545	7200768	132	0	1914	33	1914	33	164	523	3	3
1771834272	691	989322	999584	0	1218960	34545	7200768	132	0	1914	33	1984	34	165	523	3	3
1771834274	693	184720	194992	0	1218960	34545	7200768	132	0	1914	33	1984	34	166	524	3	3
1771834276	695	1067480	1077752	0	1218960	34545	7200768	132	0	1914	33	1984	34	167	526	3	3
1771834278	697	1067490	1077752	0	1218960	34545	7200768	132	0	1914	33	1984	34	168	527	3	3
1771834280	699	1067490	1077752	0	1218960	34545	7200768	132	0	1914	33	1984	34	169	528	3	3
1771834282	701	446238	456500	0	1218960	34545	7200768	132	0	1914	33	1984	34	170	529	3	3
1771834284	702	1067490	1077752	0	1218960	34545	7200768	132	0	1914	33	1984	34	170	530	3	3
1771834286	705	21242	31504	0	1218960	34545	7200768	132	0	1914	33	1984	34	171	532	3	3
1771834288	707	1067490	1077752	0	1218960	34545	7200768	132	0	1914	33	1984	34	172	532	3	3
1771834290	709	1198566	1208828	0	1350036	34545	7200768	132	0	2004	34	2074	35	173	534	3	3
1771834292	711	1198566	1208828	0	1350036	34545	7200768	132	0	2004	34	2074	35	173	536	3	3
1771834294	713	1198566	1208828	0	1350036	34545	7200768	132	0	2088	36	2158	37	173	538	3	3
1771834296	715	1198566	1208828	0	1350036	34545	7200768	132	0	2088	36	2158	37	173	540	3	3
1771834298	717	933502	943764	0	1218960	34545	7200768	132	0	2088	36	2158	37	173	541	3	3
1771834300	719	1067480	1077752	0	1218960	34545	7200768	132	0	2088	36	2158	37	173	543	3	3
1771834302	721	1067490	1077752	0	1218960	34545	7200768	132	0	2088	36	2158	37	173	545	3	3
1771834304	723	1067490	1077752	0	1218960	34545	7200768	132	0	2088	36	2158	37	173	547	3	3
1771834306	725	1067490	1077752	0	1218960	34545	7200768	132	0	2088	36	2158	37	173	549	3	3
1771834308	727	1067490	1077752	0	1218960	34545	7200768	132	0	2088	36	2158	37	173	551	3	3
1771834310	729	893186	903448	0	1218960	34545	7200768	132	0	2088	36	2158	37	174	553	3	3
1771834312	731	1067490	1077752	0	1218960	34545	7200768	132	0	2088	36	2158	37	174	555	3	3
1771834314	733	1067490	1077752	0	1218960	34545	7200768	132	0	2088	36	2158	37	174	556	3	3
1771834316	735	1067490	1077752	0	1218960	34545	7200768	132	0	2088	36	2158	37	175	558	3	3
1771834318	737	18914	29176	0	170384	34545	7200768	132	0	2088	36	2158	37	175	559	3	3
1771834320	739	1067490	1077752	0	1218960	34545	7200768	132	0	2088	36	2158	37	176	560	3	3
1771834322	741	614314	624576	0	1218960	34545	7200768	132	0	2088	36	2158	37	177	562	3	3
1771834324	743	821588	831884	0	1218960	34545	7200768	132	0	2088	36	2158	37	177	563	3	3
1771834326	745	1067483	1077752	0	1218960	34545	7200768	132	0	2088	36	2158	37	178	564	3	3
1771834328	746	925135	935404	0	1218960	34545	7200768	132	0	2088	36	2158	37	179	565	3	3
1771834330	749	412459	422728	655024	1218960	34545	7200768	132	0	2088	36	2158	37	181	566	3	3
1771834332	751	1067472	1077752	0	1218960	34545	7200768	132	0	2088	36	2158	37	181	567	3	3
1771834334	753	1067472	1077752	0	1218960	34545	7200768	132	0	2088	36	2158	37	182	569	3	3
1771834336	755	1017268	1027548	0	1218960	34545	7200768	132	0	2088	36	2158	37	183	570	3	3
1771834338	757	349472	359752	0	1218960	34545	7200768	132	0	2088	36	2158	37	184	571	3	3
1771834340	759	1067483	1077752	0	1218960	34545	7200768	132	0	2088	36	2158	37	184	572	3	3
1771834342	761	597987	608256	0	1218960	34545	7200768	132	0	2088	36	2158	37	185	574	3	3
1771834344	763	553687	563956	0	1350036	34545	7200768	132	0	2088	36	2158	37	186	575	3	3
1771834346	765	1198559	1208828	0	1350036	34545	7200768	132	0	2088	36	2158	37	186	577	3	3
1771834348	767	1198559	1208828	0	1350036	34545	7200768	132	0	2088	36	2158	37	186	579	3	3
1771834350	769	1198559	1208828	0	1350036	34545	7200768	132	0	2088	36	2158	37	186	581	3	3
1771834352	771	1019475	1029744	0	1218960	34545	7200768	132	0	2088	36	2158	37	186	582	3	3
1771834354	773	1067483	1077752	0	1218960	34545	7200768	132	0	2178	37	2248	38	186	584	3	3
1771834356	775	1067483	1077752	0	1218960	34545	7200768	132	0	2178	37	2248	38	187	586	3	3
1771834358	777	1067483	1077752	0	1218960	34545	7200768	132	0	2178	37	2248	38	187	588	3	3
1771834360	779	1067472	1077752	0	1218960	34545	7200768	132	0	2262	39	2332	40	187	590	3	3
1771834362	781	1067483	1077752	0	1218960	34545	7200768	132	0	2262	39	2332	40	187	592	3	3
1771834364	783	802139	812408	0	1218960	34545	7200768	132	0	2262	39	2332	40	187	594	3	3
1771834366	785	1067483	1077752	0	1218960	34545	7200768	132	0	2262	39	2332	40	187	596	3	3
1771834368	787	846527	856796	0	1218960	34545	7200768	132	0	2262	39	2332	40	187	597	3	3
1771834370	789	164347	174616	0	1218960	34545	7200768	132	0	2262	39	2332	40	188	599	3	3
1771834372	791	1067483	1077752	0	1218960	34545	7200768	132	0	2262	39	2332	40	188	600	3	3
1771834374	793	293751	304020	0	1218960	34545	7200768	132	0	2262	39	2332	40	189	602	3	3
1771834376	795	666571	676840	0	1218960	34545	7200768	132	0	2262	39	2332	40	189	603	3	3
1771834378	796	1067483	1077752	0	1218960	34545	7200768	132	0	2262	39	2332	40	190	604	3	3
1771834380	798	93095	103364	0	1218960	34545	7200768	132	0	2262	39	2332	40	191	605	3	3
1771834382	801	624351	634620	0	1218960	34545	7200768	132	0	2262	39	2332	40	192	606	3	3
1771834384	803	1067483	1077752	0	1218960	34545	7200768	132	0	2262	39	2332	40	192	608	3	3
1771834386	805	18907	29176	0	170384	34545	7200768	132	0	2262	39	2332	40	193	609	3	3
1771834388	807	990087	1000356	0	1218960	34545	7200768	132	0	2262	39	2332	40	194	610	3	3
1771834390	809	1067483	1077752	0	1218960	34545	7200768	132	0	2262	39	2332	40	195	612	3	3
1771834392	811	991187	1001456	0	1218960	34545	7200768	132	0	2262	39	2332	40	196	613	3	3
1771834394	813	347299	357568	0	1218960	34545	7200768	132	0	2262	39	2332	40	196	614	3	3
1771834396	815	1029687	1039956	0	1350036	34545	7200768	132	0	2262	39	2332	40	197	615	3	3
1771834398	817	1198548	1208828	0	1350036	34545	7200768	132	0	2262	39	2332	40	198	617	3	3
1771834400	819	1198548	1208828	0	1350036	34545	7200768	132	0	2262	39	2332	40	198	619	3	3
1771834402	821	1198559	1208828	0	1350036	34545	7200768	132	0	2262	39	2332	40	198	621	3	3
1771834404	823	1067483	1077752	0	1218960	34545	7200768	132	0	2262	39	2332	40	198	623	3	3
1771834406	825	1067483	1077752	0	1218960	34545	7200768	132	0	2262	39	2332	40	198	625	3	3
1771834408	827	1067483	1077752	0	1218960	34545	7200768	132	0	2262	39	2332	40	198	626	3	3
1771834410	829	1067483	1077752	0	1218960	34545	7200768	132	0	2262	39	2332	40	198	628	3	3
1771834412	831	1067483	1077752	0	1218960	34545	7200768	132	0	2262	39	2332	40	198	630	3	3
1771834414	833	49147	59416	0	1218960	34545	7200768	132	0	2262	39	2332	40	198	632	3	3
1771834416	835	1067483	1077752	0	1218960	34545	7200768	132	0	2262	39	2332	40	198	634	3	3
1771834418	837	1067483	1077752	0	1218960	34545	7200768	132	0	2352	40	2422	41	199	636	3	3
1771834420	839	1015320	1025600	0	1218960	34545	7200768	132	0	2352	40	2422	41	199	637	3	3
1771834422	841	285787	296056	0	1218960	34545	7200768	132	0	2352	40	2422	41	200	639	3	3
1771834424	843	1067483	1077752	0	1218960	34545	7200768	132	0	2436	42	2506	43	200	640	3	3
1771834426	845	280871	291140	0	1218960	34545	7200768	132	0	2436	42	2506	43	201	642	3	3
1771834428	847	973275	983544	0	1218960	34545	7200768	132	0	2436	42	2506	43	202	643	3	3
1771834430	848	989591	999860	0	1218960	34545	7200768	132	0	2436	42	2506	43	203	644	3	3
1771834432	851	123967	134236	0	1218960	34545	7200768	132	0	2436	42	2506	43	204	645	3	3
1771834434	853	1067483	1077752	0	1218960	34545	7200768	132	0	2436	42	2506	43	204	646	3	3
1771834436	855	1067483	1077752	0	1218960	34545	7200768	132	0	2436	42	2506	43	205	647	3	3
1771834438	857	787763	798032	0	1218960	34545	7200768	132	0	2436	42	2506	43	206	648	3	3
1771834440	859	590795	601064	0	1218960	34545	7200768	132	0	2436	42	2506	43	207	649	3	3
1771834442	861	1067483	1077752	0	1218960	34545	7200768	132	0	2436	42	2506	43	208	650	3	3
1771834444	863	1049539	1059808	0	1218960	34545	7200768	132	0	2436	42	2506	43	209	651	3	3
1771834446	865	1067483	1077752	0	1218960	34545	7200768	132	0	2436	42	2506	43	210	653	3	3
1771834448	867	1198559	1208828	0	1350036	34545	7200768	132	0	2436	42	2506	43	210	654	3	3
1771834450	869	1198559	1208828	0	1350036	34545	7200768	132	0	2436	42	2506	43	210	656	3	3
1771834452	871	1198559	1208828	0	1350036	34545	7200768	132	0	2436	42	2506	43	210	658	3	3
1771834454	873	167175	177444	0	1218960	34545	7200768	132	0	2436	42	2506	43	210	660	3	3
1771834456	875	1067483	1077752	0	1218960	34545	7200768	132	0	2436	42	2506	43	210	662	3	3
1771834458	877	1067483	1077752	0	1218960	34545	7200768	132	0	2436	42	2506	43	211	663	3	3
1771834460	879	1067472	1077752	0	1218960	34545	7200768	132	0	2436	42	2506	43	211	665	3	3
1771834462	881	1067472	1077752	0	1218960	34545	7200768	132	0	2436	42	2506	43	211	667	3	3
1771834464	883	1067483	1077752	0	1218960	34545	7200768	132	0	2436	42	2506	43	211	669	3	3
1771834466	885	552835	563104	0	1218960	34545	7200768	132	0	2436	42	2506	43	211	671	3	3
1771834468	887	1067483	1077752	0	1218960	34545	7200768	132	0	2436	42	2506	43	211	673	3	3
1771834470	889	616003	626272	0	1218960	34545	7200768	132	0	2436	42	2506	43	212	674	3	3
1771834472	891	63931	74200	0	1218960	34545	7200768	132	0	2436	42	2506	43	212	676	3	3
1771834474	893	1067483	1077752	0	1218960	34545	7200768	132	0	2436	42	2506	43	213	678	3	3
1771834476	895	1067483	1077752	0	1218960	34545	7200768	132	0	2436	42	2506	43	214	679	3	3
1771834478	897	690319	700588	377164	1218960	34545	7200768	132	0	2436	42	2506	43	214	680	3	3
1771834480	899	429272	439552	0	1218960	34545	7200768	132	0	2436	42	2506	43	215	681	3	3
1771834482	900	678363	688632	389120	1218960	34545	7200768	132	0	2436	42	2596	44	216	682	3	3
1771834484	902	1067483	1077752	0	1218960	34545	7200768	132	0	2526	43	2596	44	218	682	3	3
1771834486	905	973331	983600	0	1218960	34545	7200768	132	0	2526	43	2596	44	219	683	3	3
1771834488	907	56435	66704	0	1218960	34545	7200768	132	0	2610	45	2680	46	219	685	3	3
1771834490	909	532171	542440	0	1218960	34545	7200768	132	0	2610	45	2680	46	220	686	3	3
1771834492	911	1067483	1077752	0	1218960	34545	7200768	132	0	2610	45	2680	46	221	688	3	3
1771834494	913	1067483	1077752	0	1218960	34545	7200768	132	0	2610	45	2680	46	221	689	3	3
1771834496	915	651287	661556	416196	1218960	34545	7200768	132	0	2610	45	2680	46	222	690	3	3
1771834498	917	1067483	1077752	0	1218960	34545	7200768	132	0	2610	45	2680	46	223	691	3	3
1771834500	919	1198559	1208828	0	1350036	34545	7200768	132	0	2610	45	2680	46	224	692	3	3
1771834502	921	1198559	1208828	0	1350036	34545	7200768	132	0	2610	45	2680	46	224	694	3	3
1771834504	923	1198559	1208828	0	1350036	34545	7200768	132	0	2610	45	2680	46	224	696	3	3
1771834506	925	1198559	1208828	0	1350036	34545	7200768	132	0	2610	45	2680	46	224	698	3	3
1771834508	927	1067483	1077752	0	1218960	34545	7200768	132	0	2610	45	2680	46	225	700	3	3
1771834510	929	1067483	1077752	0	1218960	34545	7200768	132	0	2610	45	2680	46	225	702	3	3
1771834512	931	1067483	1077752	0	1218960	34545	7200768	132	0	2610	45	2680	46	225	703	3	3
1771834514	933	1067483	1077752	0	1218960	34545	7200768	132	0	2610	45	2770	47	225	705	3	3
1771834516	935	1067483	1077752	0	1218960	34545	7200768	132	0	2700	46	2770	47	225	707	3	3
1771834518	937	203847	214116	0	1218960	34545	7200768	132	0	2700	46	2770	47	225	709	3	3
1771834520	939	1067483	1077752	0	1218960	34545	7200768	132	0	2700	46	2770	47	225	711	3	3
1771834522	940	568468	578748	0	1218960	34545	7200768	132	0	2700	46	2770	47	225	713	3	3
1771834524	942	1067483	1077752	0	1218960	34545	7200768	132	0	2700	46	2770	47	226	714	3	3
1771834526	945	1067483	1077752	0	1218960	34545	7200768	132	0	2700	46	2770	47	226	716	3	3
1771834528	947	1067483	1077752	0	1218960	34545	7200768	132	0	2700	46	2770	47	227	717	3	3
1771834530	949	1067483	1077752	0	1218960	34545	7200768	132	0	2700	46	2770	47	227	719	3	3
1771834532	951	1067483	1077752	0	1218960	34545	7200768	132	0	2700	46	2770	47	228	720	3	3
1771834534	953	215687	225956	851796	1218960	34545	7200768	132	0	2700	46	2770	47	229	721	3	3
1771834536	955	1067483	1077752	0	1218960	34545	7200768	132	0	2700	46	2770	47	231	722	3	3
1771834538	957	1067483	1077752	0	1218960	34545	7200768	132	0	2700	46	2770	47	232	723	3	3
1771834540	959	128784	139064	0	1218960	34545	7200768	132	0	2700	46	2770	47	232	725	3	3
1771834542	961	1067483	1077752	0	1218960	34545	7200768	132	0	2700	46	2770	47	233	725	3	3
1771834544	963	1029015	1039284	0	1218960	34545	7200768	132	0	2700	46	2770	47	234	727	3	3
1771834546	965	200479	210748	867004	1218960	34545	7200768	132	0	2700	46	2770	47	234	728	3	3
1771834548	967	1067483	1077752	0	1218960	34545	7200768	132	0	2790	47	2860	48	235	729	3	3
1771834550	969	18907	29176	0	1218960	34545	7200768	132	0	2790	47	2860	48	237	730	3	3
1771834552	971	1064439	1074708	0	1350036	34545	7200768	132	0	2874	49	2944	50	238	731	3	3
1771834554	973	1198559	1208828	0	1350036	34545	7200768	132	0	2874	49	2944	50	238	733	3	3
1771834556	975	1198559	1208828	0	1350036	34545	7200768	132	0	2874	49	2944	50	238	735	3	3
1771834558	977	1198559	1208828	0	1350036	34545	7200768	132	0	2874	49	2944	50	238	737	3	3
1771834560	979	985691	995960	0	1218960	34545	7200768	132	0	2874	49	2944	50	238	738	3	3
1771834562	981	1067483	1077752	0	1218960	34545	7200768	132	0	2874	49	2944	50	238	740	3	3
1771834564	983	1067483	1077752	0	1218960	34545	7200768	132	0	2874	49	2944	50	238	742	3	3
1771834566	984	1067483	1077752	0	1218960	34545	7200768	132	0	2874	49	2944	50	238	744	3	3
1771834568	986	1067483	1077752	0	1218960	34545	7200768	132	0	2874	49	2944	50	238	746	3	3
1771834570	989	1067483	1077752	0	1218960	34545	7200768	132	0	2874	49	2944	50	238	748	3	3
1771834572	991	414995	425264	0	1218960	34545	7200768	132	0	2874	49	2944	50	239	749	3	3
1771834574	993	1067483	1077752	0	1218960	34545	7200768	132	0	2874	49	2944	50	239	751	3	3
1771834576	995	1067483	1077752	0	1218960	34545	7200768	132	0	2874	49	2944	50	239	753	3	3
1771834578	997	757751	768020	0	1218960	34545	7200768	132	0	2874	49	2944	50	240	754	3	3
1771834580	999	1067483	1077752	0	1218960	34545	7200768	132	0	2874	49	2944	50	241	755	3	3
1771834582	1001	1067481	1077832	0	1218960	34545	7200768	132	0	2874	49	2944	50	241	757	3	3
