Time	wtime	pss	rss	swap	vmem	rchar	read_bytes	wchar	write_bytes	rx_bytes	rx_packets	tx_bytes	tx_packets	stime	utime	nprocs	nthreads
1771801420	1	6184	10184	0	15340	313958	0	0	0	0	0	0	0	0	0	1	1
1771801422	3	6184	10184	0	15340	313958	0	0	0	0	0	0	0	0	2	1	1
1771801424	5	6184	10184	0	15340	313958	0	0	0	0	0	0	0	0	4	1	1
1771801426	7	6184	10184	0	15340	313958	0	0	0	0	0	0	0	0	6	1	1
1771801428	9	6184	10184	0	15340	313958	0	0	0	0	0	0	0	0	8	1	1
1771801432	10	6181	10184	0	15340	313958	0	0	0	90	1	90	1	0	9	1	1
1771801434	12	6181	10184	0	15340	313958	0	0	0	90	1	90	1	0	11	1	1
1771801436	14	6184	10184	0	15340	313958	0	0	0	90	1	90	1	0	13	1	1
1771801438	16	6184	10184	0	15340	313958	0	0	0	132	2	132	2	0	15	1	1
1771801440	18	6184	10184	0	15340	313958	0	0	0	132	2	132	2	0	17	1	1
1771801442	20	6184	10184	0	15340	313958	0	0	0	132	2	132	2	0	19	1	1
1771801444	22	6184	10184	0	15340	313958	0	0	0	132	2	132	2	0	21	1	1
1771801446	24	6184	10184	0	15340	313958	0	0	0	132	2	132	2	0	23	1	1
1771801448	26	6184	10184	0	15340	313958	0	0	0	132	2	132	2	0	25	1	1
1771801450	28	6184	10184	0	15340	313958	0	0	0	132	2	132	2	0	27	1	1
1771801452	30	6184	10184	0	15340	313958	0	0	0	132	2	132	2	0	29	1	1
1771801454	32	6184	10184	0	15340	313958	0	0	0	132	2	132	2	0	31	1	1
1771801456	34	6178	10184	0	15340	313958	0	0	0	132	2	132	2	0	33	1	1
1771801458	36	6178	10184	0	15340	313958	0	0	0	132	2	132	2	0	35	1	1
1771801460	38	6184	10184	0	15340	313958	0	0	0	132	2	132	2	0	37	1	1
